10024240
10024302
10024914
10027709
10029606
10051009
10051017
10051604
10051637
10051646
10053004
10053005
10053007
10053008
10053026
10065021
10066032
10066037
10068684
10070953
10074491
10074494
10074495
10077047
10077518
10077519
10077590
10077612
10077649
10077730
10077734
10077735
10078568
10078571
10079102
10083733
10086971
10090883
10090884
10090885
10090886
10090887
10090888
10090906
10090907
10090908
10090910
10090912
10090934
10090935
10092831
10097181
10102714
10188893
10189089
10192456
10193515
10200350
10204841
10204851
10204861
10205261
10205262
10205263
10205265
10205266
10216092
10217436
10220438
10227394
10227398
10227400
10227563
10232400
10232402
10232403
10232404
10232405
10232406
10233227
10233272
10233365
10233432
10233434
10233898
10318930
10319582
10319583
10319591
10323887
10330339
10330340
10330341
10330342
10330343
10330345
10330347
10330348
10330349
10330365
10330430
10334325
10334478
10340975
10341858
10353780
10353784
10354117
10354118
10354128
10359561
10359588
10359825
10361121
10361128
10362809
10362816
10363963
10364075
10364514
10364515
10364516
10364518
10364519
10364523
10364539
10364543
10364682
10364683
10365365
10366610
10377081
10381583
10383191
10390011
10390358
10391212
10395672
10398605
10404462
10406984
10411937
10417273
10417274
10417275
10417276
10417277
10417279
10417281
10417298
10424811
10424815
10424820
10424825
10427478
10429004
10429361
10429362
10429368
10430757
10433926
10433944
10436378
10441569
10441570
10441571
10441572
10441575
10441597
10441700
10444183
10446076
10447526
10449521
11001585
11007540
11013134
11013137
11015450
11015455
11015461
11017804
11017805
11032443
11035766
11047757
11055898
11068991
11073539
11073542
11073544
11073547
11073817
11076887
11078474
11085914
11086027
11087823
11090341
11090342
11095995
11106354
11106355
11106356
11106358
11106359
11106564
11112658
11112663
11112664
11112665
11115377
11115378
11120765
11121059
11133365
11134238
11134243
11138003
11139207
11139241
11156536
11158173
11158612
11159198
11160475
11170888
11170889
11170896
11170900
11179005
11179006
11179007
11179009
11179010
11179015
11179017
11179022
11179023
11181649
11181744
11182928
11182930
11182931
11182932
11183182
11183185
11185073
11228641
11231901
11238682
11238686
11238872
11247896
11248061
11254442
11254443
11254675
11283202
11283793
11283794
11288709
11288710
11288716
11288717
11298136
11303518
11309678
11309679
11309681
11326333
11326334
11332399
11332400
11332401
11332402
11333380
11333869
11335891
11344308
11349230
11349231
11349232
11359211
11359213
11368029
11369996
11370629
11370630
11380690
11381124
11381192
11389157
11389158
11389159
11389482
11389483
11389485
11389486
11395395
11398101
11403039
11403040
11403047
11404820
11410838
11412303
11424919
11424920
11424921
11424922
11424925
11424926
11431706
11431708
11432960
11435463
11435464
11439091
11443543
11452359
11457876
11461073
11462173
11468686
11468687
11468689
11468690
11476670
11481585
11483641
11484154
11494963
11495631
11505338
11505339
11519011
11524701
11524702
11524703
11529920
11536078
11536079
11544277
11546831
11555793
11556836
11561050
11565064
11565546
11565550
11565555
11567214
11567216
11572989
11574907
11577371
11577372
11583957
11584050
11590543
11590544
11592033
11592034
11595972
11602629
11668429
11675497
11685205
11686883
11687797
11694548
11694551
11704923
11704930
11709755
11710958
11710961
11719902
11720435
11723204
11727201
11732489
11733564
11739404
11741193
11748306
11748309
11748310
11748311
11748312
11748509
11751671
11753820
11768389
11768390
11768391
11768393
11772966
11773631
11774072
11778160
11781871
11781872
11782989
11791207
11799476
11799477
11805335
11810107
11813133
11826019
11826022
11826028
11828340
11828341
11833005
11833006
11836356
11836357
11836360
11836363
11836364
11836366
11836372
11839722
11839723
11845407
11854318
11854319
11854868
11854906
11864893
11867715
11868160
11868161
11873320
11875032
11875050
11875755
11880951
11897822
11897823
11897824
11897832
11898126
11898127
11898128
11901181
11909923
11912510
11917274
11927624
11941538
11950860
11950861
11950863
11972037
11992250
11992252
11992256
11992260
11992261
11992265
12010888
12011154
12011155
12011157
12016585
12016586
12016587
12016589
12032315
12032320
12032886
12032915
12037717
12046007
12049494
12058346
12058348
12067308
12068374
12070246
12070251
12070253
12070254
12070256
12070261
12070263
12070265
12075507
12077706
12080485
12082049
12085209
12089654
12090401
12093361
12093894
12094329
12097313
12100744
12111668
12114478
12114481
12114482
12114483
12114484
12114492
12114495
12114496
12114497
12114533
12117842
12134079
12142464
12145743
12145746
12145747
12145748
12145749
12145752
12161593
12161601
12373604
12700313
12707038
12707373
12707859
12716971
12721954
12721955
12724528
12730365
12730828
12732731
12736868
12736870
12736871
12746393
12746394
12746398
12746400
12746402
12746421
12746424
12746425
12746426
12750403
12754344
12754369
12756133
12772087
12778173
12782766
12789646
12789647
12796853
12796854
12801411
12807959
12807963
12807965
12807966
12807969
12807974
12807980
12807981
12823286
1467311
14757931
18000536
18001149
18024701
18024811
18036232
18042939
18043741
18045777
18046082
18046629
18047645
18053174
18055911
18060736
18060739
18069663
18077373
18081427
18084290
18084690
18084694
18087273
18091991
18094161
18094730
18157127
18163978
18164066
18164595
18165274
18166138
18177735
18179881
18179882
18179883
18179885
18179886
18179888
18179893
18179900
18179901
18182601
18184800
18184961
18186571
18202102
18203189
18203199
18204449
18211709
18212018
18219546
18230680
18230725
18230729
18234697
18237401
18241046
18242854
18246032
18250167
18250304
18252210
18252213
18252215
18252223
18252226
18252228
18252231
18252232
18256395
18257912
18262054
18266676
18267044
18267044_1
18269114
18272894
18273486
18274675
18278044
1827945
18281290
18283276
18283468
18285424
18285826
18297129
18304496
18304497
18304851
18306466
18308289
18308935
18311140
18313602
18316077
18316725
18317597
18319074
18319328
18321925
18322662
18322702
18322777
18326629
18326688
1832718
18332318
18334619
18334930
18334959
18334962
18334966
18337587
18337726
1833777
1833974
18342287
18349135
18362022
18368133
18371931
18371933
18372903
18375391
18378515
18378609
18383112
18384058
18385275
18385794
18386804
18386809
18387594
18390792
18391202
18391953
18394578
18397837
18398509
18403758
1840477
18405873
1840604
18408010
18408718
18411240
18412117
18412118
18412279
18413468
18414406
18417535
18421900
18423520
18423521
18424448
18429043
18431453
18431501
18432188
18432314
18432316
18433292
18433462
18433509
18437022
18439547
18443038
18445140
18451331
18451997
18452536
18452873
18452888
18452889
18453594
18455129
18455130
18457970
18458324
18462018
18463159
18463160
18463683
18464934
18465152
18469813
18470933
18474871
18483559
18483562
18487244
18487367
18489790
18493581
18495044
18497887
18499082
18499083
18500341
18501021
1850191
18503012
18504129
18504617
18504680
18505430
18508780
18509552
18513679
18513680
18513682
18513683
18514161
18521183
18521189
18523009
18523010
18523664
18524659
18534194
18538293
18539930
18545687
18546365
18552978
18553518
18554279
18556440
18556772
18559376
18559625
18559663
18559695
18564920
18565097
18565236
18565486
18566967
18567894
18570668
18571142
18572020
18577546
18585350
18585512
18587264
18587492
18591410
18591412
18591442
18593716
18593894
18596884
18596921
18596924
18597679
18602572
18602879
18602922
18606301
18607349
18612309
18614015
18614783
18615734
18617523
18618005
1862076
18621663
18622261
18625346
18625743
18626973
18627045
18627636
18628483
18632656
18634022
18635888
18636117
18637129
18640754
18644145
18645608
18646563
18646565
18648013
18648499
18653847
18660851
18662195
18662409
18663755
18665195
18667258
18668039
18669584
18669862
1867192
1867200
18673552
18674750
18674751
18676165
18676167
18677313
18677765
18678320
18678321
18680191
18682748
18682749
18682808
18685109
18685559
18687755
18687795
1868831
18692127
18694491
18694899
18696259
18698230
18698404
18698682
18701815
18701882
18703817
18706439
18713659
18713754
18715140
18716611
18716613
18718264
18719945
18722466
18723524
18723777
18724359
18725978
18728755
18729310
18752264
18753630
18753648
18759271
18760763
18762570
18762586
18765804
18766988
18771761
18774749
18775308
18776039
18776170
18776953
18776955
18779051
18779584
18779591
18780967
18781192
18782836
18783588
18787097
18787525
18791198
18792984
18794146
18794526
18798319
18798333
18799783
18803811
18804929
18805828
18806275
18806796
18809606
18810657
18812404
18813118
18818683
18823803
18824104
18824584
18824690
18825676
18828908
18829695
18830227
18830229
18830230
18832460
18834626
18834967
18834968
18836445
18836446
18836447
18836449
18840636
18852354
18853461
18854324
18854857
18854860
18854862
18854864
18854866
18854869
18854870
1885769
1885770
18922928
18923834
18923930
18923937
18925679
18931102
18931684
18936139
18937293
18940309
18940311
18940313
18940815
18941426
18941546
18941885
18946008
18946466
18947413
18948357
18949062
18950740
18950741
18952502
1895312
1895316
18953341
18955567
18955570
18955805
18957093
18972133
18974016
18974840
1897520
1897528
18976725
18976727
18977788
18978956
18982401
18984742
18985011
18985070
18985071
18985075
18985159
18985398
18986305
1898657
18987351
18987626
18989382
18992264
18996815
18996919
18997784
19100526
19102732
19103668
19104657
19105186
19110213
19110214
19112530
19112531
19114657
19116307
19117922
19118277
19118303
19118816
19119257
19124645
19130090
19132395
19132787
19133158
19136950
19136952
19137077
19137569
19139049
19139106
19141711
19142205
19144662
19145250
19147735
19147845
19148275
19156169
19157795
19158106
19164088
19164092
19164093
19165900
19165918
19165925
19168852
19170705
19172990
19174371
19177455
19178939
19181099
19181906
19182211
1918382
19184110
19188684
19190334
19190672
19194568
19194885
19196676
19196998
19197363
19200522
19200523
19200525
19200527
19200529
19202559
19203369
19204787
19204788
19204907
19205026
19206169
19206170
19206171
19208626
19213032
19214208
19215054
19215732
19216786
19220331
19221038
19221294
19223389
19223935
19224584
19225462
19229055
19229056
19232495
19234460
19234463
1923751
19237575
19238581
19241467
19242412
19242545
1924291
19245716
19245865
19246354
19248199
19249006
19249007
19251628
19251731
19251977
19252731
19252927
19253379
19255043
19259128
19262606
19262743
19264984
19264985
19267393
19267410
19268275
19268277
19270485
19270816
19270817
19272182
19272188
19276632
19277062
19277063
19277064
19278965
19279442
19279649
1928090
19282774
19285295
19286695
19286879
19286882
19286883
19287194
19288545
19289823
19290556
19292929
19293840
19293843
19297793
19298662
19299629
19401716
19403629
19404257
19405096
19405097
19406377
19407157
19409519
19409520
19409521
19409522
19409524
19409525
19411616
19412328
19414485
19420365
19420366
19421413
19423552
19424424
19426954
19427440
19427510
19429166
19429598
19430481
19431193
19433093
19435508
19435888
19436109
19436330
19439424
19439508
19442771
19443904
19444872
1944596
19450904
19451621
19453980
19455184
19457929
1945893
19460936
19461886
19461930
19461931
19461958
19463981
1946412
19465746
19466456
19466586
19466712
19470471
19471311
19471313
19471318
19474399
19479361
19479880
19481194
19481195
19483581
19484191
19484379
19488606
19492091
19494034
19494218
19494219
19495570
19498035
19500334
19500388
19500772
19502294
19508727
19513096
19520274
19521112
19523210
19523546
19525956
19527940
19528035
19530235
19531215
19534795
19536174
19536264
19536304
19536307
1953667
19536785
19540308
19540516
19543269
19543287
19543368
19546099
19546342
19546434
19550437
19553149
19556464
19557861
19559397
19559398
19559618
19562689
19563912
19564454
19565499
19567835
19568269
19574260
19576567
19577266
19577286
19578035
19578363
19578385
19578876
19584308
19584904
19584923
19589177
19589876
19591980
19595763
19597114
19597493
19597569
19597981
20007504
20098734
20167074
20204374
20360734
20505764
20663204
20664694
20935634
21083904
21120944
21169334
21170044
21218044
21264314
21356074
21364904
21392394
21403914
21411514
21499264
21520334
21682854
21857984
21896204
21919124
21943124
21949714
21983784
22038834
22069374
22144684
22155464
22174694
22194984
22215184
22353194
22362764
22589734
22664914
22685354
22952854
22974104
23009155
23009600
23014460
23023331
23023332
23023333
23028338
23028790
23028917
23029027
23029104
23029363
23029623
23037934
23042115
23047549
23050857
23054246
23055945
23064416
23064742
23066499
23067347
23069192
23074678
23074684
23077402
23077403
23077521
23082118
23092449
23092983
23094074
23096117
23098067
23099647
23100212
23104095
23107649
23110205
23113155
23129749
23129781
23132696
23137060
23143594
23143598
23143600
23144622
23150280
23154523
23154831
23155438
23164213
23185506
23189188
23193487
23203078
23209787
23210696
23213274
23221965
23222957
23222958
23222959
23223019
23226213
23226319
23226338
23227063
23227064
23227268
23228021
23230001
23231787
23233322
23233793
23234264
23234511
23235333
23236289
23238845
23239986
23243261
23243526
23244604
23251400
23251443
23251578
23254390
23256887
23259501
23263490
23270367
23274891
23280630
23285130
23286897
23288328
23288985
23288988
23288992
23288993
23288994
23288997
23289003
23289006
23292638
23295592
23298237
23298310
23300508
23300730
23300803
23301036
23302111
23302420
23304067
23304577
23308101
23308164
23311583
23311634
23320570
23323258
23324391
23324580
23326386
23326516
23328711
23329892
23334666
23334809
23335590
23341816
23341817
23342068
23345197
23346162
23349226
23349320
23349759
23351400
23356216
23356391
23356856
23359570
23360689
23372718
23372765
23372769
23374165
23374456
23378733
23379534
23382873
23383098
23383113
23383720
23384855
23396983
23399914
23401657
23401661
23404334
23404372
23406536
23409019
23409136
23409742
23413949
23420214
23423322
23423984
23429356
23432975
23433426
23434736
23434854
23437219
23437308
23439489
23440042
23441107
23441109
23441113
23441120
23441182
23442826
23444230
23448099
23448497
23451180
23451214
23455423
23456818
23468644
23469064
23469205
23472171
23474818
23476807
23479330
23483815
23484092
23494605
23496908
23497566
23499752
23506231
23506628
23509643
23509891
23510002
23512835
23514108
23515316
23517720
23521865
23522120
23526569
23527089
23536757
23536787
23536893
23542698
23542699
23549799
23555275
23555729
23555834
23556456
23557332
23559851
23559858
23559859
23559863
23559977
23560051
23561487
23570448
23572184
23573243
23578328
23587214
23587236
23591138
23592887
23592911
23592913
23592915
23592923
23593396
23593457
23596994
23599692
23603806
23613828
23621916
23621943
23622117
23626780
23632796
23634874
23637914
23645318
23649806
23649844
23656970
23663351
23665959
23667180
23667635
23667853
23670503
23678274
23679950
23680354
23683081
23687348
23687430
23687435
23690975
23691375
23692737
23692804
23692823
23695678
23702046
23704059
23704879
23704984
23708140
23708187
23709445
23709754
23714749
23717403
23718779
23718928
23724128
23724189
23724191
23732877
23733478
23734073
23734083
23734086
23736855
23737781
23737954
23738969
23740648
23741301
23741347
23743648
23748066
23748067
23754947
23754960
23755135
23756559
23758760
23760289
23762088
23762320
23762408
23762420
23762448
23762718
23765052
23767834
23767878
23770608
23771172
23773660
23773996
23776498
23778487
23780642
23785128
23785305
23785480
23793029
23795279
23799134
23799907
23800289
23800320
23800642
23800680
23805042
23806086
23806170
23807571
23807894
23812909
23812910
23813623
23815679
23815709
23818254
23818421
23824657
23826317
23826567
23826568
23829304
23829769
23833562
23835272
23836506
23840513
23840564
23840593
23840632
23840885
23842438
23842451
23843956
23844677
23849162
23860044
23861857
23862117
23865558
23865914
23866855
23869231
23869235
23877285
23879989
23881105
23881933
23882135
23885164
23889995
23890029
23894400
23894444
23897980
23902721
23903355
23911551
23913001
23915561
23918662
23919265
23922384
23922488
23922489
23922697
23926410
23926411
23929671
23933735
23933818
23934111
23935525
23935639
23935836
23936043
23936151
23936869
23940258
23940504
23941260
23946638
23947751
23951358
23954021
23956174
23956760
23957016
23957718
23957953
23961350
23965030
23967202
23977161
23977234
23977390
23981289
23983605
23984341
23989774
23990795
23990876
23990902
23991085
23991204
23998300
23999524
24000325
24001180
24001601
24002981
24003428
24009674
24011172
24014202
24014394
24015197
24019846
24019847
24024178
24024198
24024685
24027040
24030952
24034276
24036952
24037001
24039609
24039744
24039908
24039984
24044690
24048372
24049434
24053514
24053568
24053775
24053799
24058597
24058621
24058690
24058906
24059531
24062953
24063568
24066033
24066114
24069280
24069319
24072090
24073220
24073994
24074005
24076603
24083349
24084074
24086631
24086739
24090359
24091668
24098149
24098284
24098681
24099403
24103465
24103911
24107549
24108619
24123394
24126932
24130743
24130771
24130795
24139550
24146633
24152966
24156255
24160257
24161539
24163146
24164807
24164873
24169426
24174867
24175086
24194756
24198383
24202059
24203976
24204302
24204729
24204797
24204987
24205397
24206587
24209692
24213372
24215330
24217263
24218524
24224009
24224166
24227914
24227917
24228726
24233542
24240197
24241507
24244300
24244438
24244552
24250268
24250806
24252324
24252552
24253200
24255686
24257694
24260153
24260271
24262094
24265373
24265544
24265693
24266877
24268183
24272827
24278289
24278394
24285972
24289245
24292008
24294134
24299421
24299452
24302632
24304607
24307375
24312213
24312286
24312468
24312598
24312616
24312718
24314034
24314052
24317041
24317180
24319098
24319333
24319334
24319336
24319337
24321194
24324597
24324832
24330864
24336230
24339724
24339985
24340015
24341454
24341803
24344687
24344984
24346920
24346923
24348190
24348268
24349310
24349489
24351118
24351571
24353858
24355479
24358150
24358204
24363796
24366306
24369017
24369534
24370076
24371407
24371685
24372084
24373485
24375934
24376681
24379646
24382853
24382854
24385928
24386122
24386359
24390136
24390279
24393238
24396618
24396697
24397319
24399302
24399866
24401652
24405844
24411943
24412933
24416283
24422172
24422204
24427140
24427284
24429398
24431285
24433235
24433488
24434814
24448499
24450482
24451042
24456803
24459464
24460868
24463578
24463883
24465266
24465539
24465924
24466005
24467814
24468074
24472332
24473200
24473555
24476948
24479948
24480542
24482639
24484584
24489791
24494736
24497844
24497850
24498303
24498598
24498604
24498605
24498611
24498616
24498617
24498627
24498630
24498631
24498881
24503134
24504028
24504326
24505212
24506336
24509483
24516651
24518125
24518672
24518971
24520187
24520335
24524299
24526388
24528855
24531329
24532482
24535056
24535816
24549961
24550737
24555712
24555714
24556621
24558368
24559376
24562058
24564502
24564546
24571530
24578614
24578717
24580998
24586523
24586623
24586645
24586880
24587289
24588319
24589093
24594262
24595103
24595243
24595329
24596401
24599119
24602372
24606995
24608430
24608809
24608987
24611874
24612839
24613933
24614070
24618850
24624349
24624355
24625882
24626631
24627724
24627726
24628802
24632595
24632739
24632804
24633152
24633898
24637309
24637349
24637876
24645144
24650168
24651309
24664145
24665293
24665301
24665325
24667412
24667528
24667779
24668262
24669931
24670872
24671153
24672218
24674232
24675553
24675615
24676022
24678334
24679846
24684524
24684806
24686783
24686846
24686847
24686849
24688117
24689072
24689075
24689076
24689077
24689081
24689082
24690944
24691054
24694054
24694176
24695549
24699068
24699222
24705253
24705357
24705671
24705691
24706943
24707269
24707501
24708902
24710284
24710345
24711937
24714551
24715752
24715753
24715754
24715757
24718375
24719134
24719712
24720851
24721225
24722143
24725366
24725993
24727571
24730976
24735900
24736728
24737869
24739949
24741995
24742043
24745848
24748328
24749080
24752249
24752540
24753243
24754962
24755310
24758703
24763286
24763289
24763291
24764759
24767253
24767306
24767429
24776741
24777453
24778696
24782644
24784135
24784881
24785115
24786642
24787241
24788313
24788417
24789103
24789688
24790386
24791139
24791140
24794859
24800029
24803844
24804794
24816431
24816743
24827421
24827932
24828896
24831256
24831815
24842602
24843665
24845853
24848765
24859690
24863034
24865491
24872867
24875298
24875647
24876985
24879339
24879641
24883014
24884479
24884629
24884844
24885015
24885523
24885952
24886118
24886349
24886560
24886912
24891338
24891813
24893065
24894446
24895164
24899140
24907849
24909177
24913193
24915861
24918291
24926462
24926664
24930029
24932600
24934730
24936512
24936513
24936515
24936516
24936649
24937328
24940029
24940031
24940034
24940037
24940039
24944784
24948852
24949325
24949484
24949729
24949742
24950769
24956927
24958846
24961629
24961674
24967631
24968223
24969041
24969172
24969679
24972929
24978818
24980439
24980720
24986359
24986916
24987033
24987415
24988226
24989451
24991186
24991462
24992688
24993959
24997722
24997988
24998776
24999380
24999592
25003005
25003006
25005734
25008054
25008357
25010007
25015100
25018621
25018813
25019053
25025039
25025186
25026867
25027319
25027704
25031893
25033405
25035705
25038750
25044655
25045378
25045380
25050186
25053001
25053872
25054142
25054146
25054547
25055047
25058500
25062847
25066123
25066811
25077171
25077172
25077174
25080041
25080338
25086786
25086949
25090642
25093132
25093588
25093829
25098330
25099250
25099252
25099282
25101640
25106414
25110662
25110706
25111785
25114813
25116015
25116393
25119969
25122144
25122490
25124065
25124159
25124518
25125236
25125334
25129254
25133505
25133613
25133751
25135358
25136448
25136576
25136594
25138476
25140878
25143843
25146893
25153125
25157627
25158045
25163805
25167861
25168334
25174698
25174816
25177352
25179809
25180191
25181484
25182700
25184293
25188300
25195561
25203534
25209172
25210889
25211151
25211237
25215106
25215306
25216246
25216257
25217958
25217959
25217960
25219572
25221422
25225338
25228304
25229338
25230886
25231367
25233840
25234129
25236789
25238597
25242383
25244321
25246819
25248098
25248394
25249269
25253298
25253744
25258038
25260786
25264593
25267529
25268133
25272002
25274592
25278816
25281868
25288137
25289672
25290684
25292184
25293719
25299611
25302125
25303973
25307848
25309764
25309785
25312043
25312756
25316352
25324685
25324867
25324868
25328414
25329329
25333064
25333065
25333066
25333067
25333068
25333361
25338956
25339316
25340522
25342064
25342930
25344692
25348630
25351510
25352184
25352738
25354366
25356219
25356239
25356405
25356899
25356967
25356972
25358339
25358972
25361962
25366421
25371233
25372295
25373420
25373504
25374441
25375143
25381065
25381091
25381171
25383878
25383945
25385366
25385754
25388789
25389437
25390694
25391451
25392908
25392994
25393624
25394172
25396007
25398053
25401102
25403472
25404053
25405613
25406581
25407000
25407002
25407461
25410126
25412400
25416705
25417924
25418537
25419136
25419514
25420024
25421355
25421405
25424711
25425184
25425243
25425325
25425405
25428789
25430699
25431241
25433523
25433810
25435955
25452764
25454731
25462154
25463447
25468659
25469541
25473227
25473393
25474345
25474651
25474699
25476234
25476837
25477904
25485142
25487149
25488682
25489231
25489633
25491204
25491320
25491489
25492614
25493284
25494902
25496299
25496981
25497574
25497598
25501066
25501874
25502226
25502423
25503501
25504735
25514610
25516103
25516138
25517998
25522171
25524009
25526469
25526786
25528277
25530820
25532578
25533639
25537362
25537791
25539746
25540807
25541890
25541946
25541963
25543204
25544989
25548639
25553246
25553308
25556537
25558175
25558176
25560758
25563326
25564041
25564141
25564500
25564561
25566516
25567036
25567748
25574369
25574476
25585702
25587064
25589040
25590978
25590979
25593508
25594584
25596810
25599040
25602518
25604157
25606384
25606386
25606387
25606418
25606431
25606438
25606444
25606469
25612904
25614869
25614872
25614874
25615550
25616976
25619630
25625042
25626866
25627829
25628743
25629076
25629078
25629079
25629080
25633252
25635822
25642194
25644172
25644381
25646068
25646624
25647543
25648254
25649381
25652157
25654071
25654180
25658757
25658765
25659842
25668194
25668204
25669429
25669657
25672906
25677139
25677497
25678757
25678758
25678763
25679214
25679999
25681447
25685152
25688174
25688341
25688670
25688735
25692065
25692139
25692141
25692779
25693204
25693964
25694510
25700310
25705216
25705527
25706805
25712765
25713721
25719200
25722898
25724305
25725044
25727044
25728633
25730315
25730767
25739019
25739341
25741864
25742468
25742658
25742962
25743105
25750861
25751627
25753737
25755231
25756792
25758857
25758993
25759012
25761052
25763846
25764212
25767547
25767699
25767709
25767710
25768348
25769099
25773295
25774383
25775262
25776009
25780553
25781923
25781927
25783483
25783594
25786029
25786579
25788519
25790160
25798434
25798947
25800479
25800480
25802485
25802487
25802735
25802881
25802882
25802884
25802885
25803033
25803691
25806950
25807284
25807484
25807530
25811371
25811928
25814826
25816005
25818820
25820994
25821352
25821721
25832657
25833766
25834781
25834824
25838844
25848748
25848753
25849362
25852744
25852890
25852896
25853458
25855803
25856303
25859010
25860647
25861491
25866837
25869670
25870235
25871887
25871929
25872913
25872961
25873783
25875328
25878670
25880377
25880449
25882930
25883929
25885414
25885466
25885527
25885655
25885757
25885783
25886057
25886484
25886501
25886974
25887401
25889454
25893166
25896430
25897955
25903274
25907736
25914105
25918342
25918518
25919014
25919374
25922843
25923920
25925370
25925845
25925991
25927202
25927356
25927548
25927852
25928149
25928534
25928698
25928877
25932037
25932442
25932447
25934493
25935763
25935893
25936525
25938945
25940119
25941633
25943194
25943428
25945256
25945745
25946197
25948282
25949529
25951140
25951460
25953249
25954734
25956157
25958000
25960657
25961296
25962062
25963016
25963163
25963354
25963406
25964206
25965869
25969726
25972378
25975230
25976027
25978063
25978640
25981959
25983617
25983619
25983621
25983622
25984533
25984678
25985138
25985931
25986071
25988045
25991456
25994218
25996915
25999674
25999675
25999676
26000322
26004348
26005342
26007199
26008899
26008905
26011067
26011646
26015324
26017485
26019814
26022463
26023681
26024230
26026149
26029705
26029706
26029707
26029708
26029709
26030151
26030286
26030606
26031516
26032230
26036949
26039597
26040324
26040326
26043044
26044572
26045941
26048034
26055999
26056227
26056819
26057125
26059428
26059840
26061005
26061264
26061757
26063662
26064488
26064490
26064523
26064709
26066342
26066609
26067147
26068067
26068213
26068709
26069767
26070982
26073755
26075130
26075273
26075277
26075876
26076142
26076155
26076356
26077851
26077881
26078953
26079862
26081110
26083569
26084283
26084686
26085575
26088471
26090888
26096001
26096185
26097748
26098624
26099342
26100510
26101835
26102509
26103963
26103969
26104215
26104880
26105076
26105173
26107949
26107955
26114861
26120313
26121085
26121141
26125038
26125040
26130459
26130484
26131420
26132292
26132338
26132555
26133172
26133394
26133662
26134514
26135620
26136358
26139845
26140217
26143532
26147294
26147980
26147992
26149271
26151409
26154504
26155838
26157392
26160353
26161267
26161775
26162006
26166082
26167114
26167768
26168012
26168235
26171361
26171365
26173111
26176257
26176610
26176944
26178431
26179372
26179960
26180531
26180728
26181491
26183948
26185613
26185635
26186701
26187847
26189493
26191410
26196677
26197441
26199944
26202976
26203640
26204956
26205240
26205529
26206692
26207260
26207377
26208971
26215149
26215737
26216097
26216125
26216346
26218421
26219450
26221552
26221609
26221963
26223887
26226137
26228265
26230511
26234941
26236732
26241669
26242193
26244500
26247045
26247046
26252218
26252990
26257968
26258302
26261414
26263531
26264606
26264712
26265627
26265915
26268155
26268944
26269249
26269958
26270765
26270766
26272055
26273099
26273176
26273216
26273451
26273690
26274329
26274610
26275418
26278626
26282398
26283626
26284620
26285866
26286715
26289392
26292654
26293662
26296701
26297037
26300845
26301257
26304966
26305465
26306921
26307080
26307114
26307460
26308724
26308726
26308914
26309160
26309814
26316326
26318470
26320847
26321861
26321862
26322222
26322415
26323243
26323275
26325687
26329304
26332594
26333769
26333996
26337181
26337809
26338283
26339676
26341229
26341786
26342594
26343524
26346816
26348019
26350204
26350383
26350514
26351433
26352270
26352687
26354069
26354354
26358404
26358501
26362251
26365971
26367797
26371875
26374825
26376624
26377049
26377068
26380986
26386247
26387913
26388896
26392352
26392740
26395558
26396485
26396486
26396515
26397989
26399252
26399558
26399936
26400686
26401283
26401487
26402864
26403419
26404900
26406231
26406308
26410222
26413448
26414517
26415676
26416026
26419238
26419432
26420286
26422470
26424145
26425313
26426422
26426690
26432462
26436105
26436108
26436112
26436113
26437257
26437850
26437932
26439923
26439934
26444858
26446336
26446593
26458567
26459573
26462740
26471271
26471370
26472407
26473142
26477325
26482194
26485756
26487268
26489029
26489409
26489929
26493046
26493165
26493561
26496393
26496977
26498512
26499472
26502894
26502900
26502924
26503515
26504261
26504826
26506520
26506619
26508570
26509030
26510951
26512353
26512958
26514990
26515642
26517670
26517984
26520804
26522270
26522332
26525354
26526202
26528127
26530098
26530129
26530418
26530882
26535115
26535898
26537248
26539208
26539716
26543054
26543203
26543388
26544041
26544072
26544948
26545093
26546739
26552811
26553228
26555887
26558903
26559152
26559391
26560041
26561413
26561570
26566502
26567009
26568659
26568660
26571379
26571382
26573135
26576379
26577449
26577721
26578207
26580071
26581300
26587058
26594094
26595769
26598328
26598494
26600631
26604104
26604660
26607058
26607867
26613026
26613940
26618708
26621323
26622166
26622941
26627451
26631741
26632257
26632398
26632695
26635519
26642240
26642243
26644994
26645915
26647834
26648449
26656454
26656649
26657938
26664442
26666178
26666243
26666653
26667307
26667666
26668150
26677414
26678486
26679770
26681308
26681309
26681312
26684006
26684649
26690673
26691986
26691988
26692521
26694549
26695994
26697887
26700687
26700889
26701096
26709262
26709265
26709266
26712430
26712441
26713451
26714646
26714855
26728142
26729329
26729423
26732753
26733283
26733463
26734131
26734137
26735923
26739615
26740239
26740553
26740555
26740942
26740943
26740944
26740947
26741492
26742794
26744305
26744662
26747084
26753747
26754848
26757742
26758695
26759217
26761001
26761945
26761947
26762237
26763045
26763877
26766544
26767875
26769062
26770037
26770845
26771602
26772541
26777049
26781568
26783323
26783444
26783550
26785681
26787102
26788030
26788535
26788536
26788537
26788539
26790392
26791358
26791414
26793055
26794322
26797701
26798387
26798524
26799702
26800364
26800689
26800885
26801501
26801773
26802146
26806561
26807262
26809617
26811195
26812546
26815532
26818911
26819605
26819810
26820066
26820313
26820605
26820968
26822030
26823236
26824761
26824983
26831561
26832775
26834553
26836416
26839764
26839896
26843370
26844521
26846091
26846096
26846447
26852015
26853712
26855770
26856745
26859482
26861945
26862157
26862482
26863430
26865696
26865751
26870176
26872069
26872686
26878725
26879370
26880286
26881968
26884814
26885414
26888176
26892242
26892515
26895986
26900326
26900580
26901136
26902202
26902751
26904320
26904698
26905694
26907177
26908836
26909334
26909335
26911353
26913189
26917586
26917597
26917986
26918822
26922654
26925417
26925970
26929907
26932181
26932191
26936445
26937357
26937387
26937394
26937396
26937405
26937410
26937411
26937415
26943047
26945392
26951490
26951916
26954065
26956144
26957898
26957899
26961809
26961984
26962827
26963285
26964041
26964564
26967905
26968164
26969326
26973538
26974433
26980296
26981555
26985245
26986117
26986123
26989089
26990090
26990772
26991897
26993267
26995604
26996484
26997744
27000029
27000756
27001614
27004399
27004562
27005825
27005958
27007659
27014569
27014579
27014590
27014650
27017198
27021235
27022295
27022412
27023170
27025386
27026413
27029630
27032803
27034858
27036142
27042682
27048506
27050426
27051597
27051686
27054081
27056980
27058611
27060904
27061686
27061943
27064304
27066451
27066452
27066509
27066515
27066544
27066545
27066546
27066551
27066553
27066554
27066557
27066558
27066562
27066565
27066566
27066569
27066570
27066571
27066572
27066573
27066578
27066579
27066581
27066583
27066586
27066587
27066836
27067258
27069622
27069690
27070432
27071392
27071546
27072799
27073431
27077124
27077130
27077743
27080313
27080696
27081294
27081499
27081501
27081502
27081504
27081509
27081510
27081511
27081512
27081514
27081515
27081516
27081517
27081519
27081521
27081522
27081523
27081527
27081528
27081530
27081531
27081536
27081538
27081541
27081542
27081543
27081546
27081547
27081549
27081550
27081551
27081552
27081553
27081556
27081557
27081559
27081561
27081563
27081564
27081566
27081569
27081570
27081571
27082122
27082205
27082237
27082927
27084087
27084275
27086564
27086651
27086862
27087292
27087618
27091362
27094817
27094865
27094867
27098067
27098784
27098793
27099726
27099744
27101822
27103995
27106217
27108409
27109384
27112265
27113213
27114915
27114990
27115767
27117801
27117808
27118405
27118464
27120253
27120335
27121310
27121971
27122965
27123465
27123473
27123479
27123480
27123484
27123486
27123488
27124303
27125267
27127784
27130041
27130160
27134495
27137492
27138491
27138930
27142102
27142837
27144126
27145994
27146152
27146836
27148561
27148565
27148570
27148574
27148580
27148587
27148589
27148590
27149063
27150940
27158664
27158779
27164696
27164704
27165003
27165006
27165045
27166630
27168869
27168972
27171548
27174565
27175295
27175573
27176039
27178001
27178284
27179618
27181099
27182553
27182706
27183828
27186169
27190376
27190617
27193168
27195699
27195816
27196560
27196565
27196898
27199538
27206484
27206732
27208204
27211562
27212378
27212794
27214204
27216612
27216975
27217147
27217339
27217716
27219052
27222815
27222887
27224030
27224999
27227165
27229674
27231034
27231142
27238910
27242165
27243974
27245440
27247513
27247567
27247813
27247958
27247959
27247961
27247962
27256065
27256595
27257965
27258496
27259756
27260700
27267960
27268037
27271353
27274858
27274910
27279923
27281532
27281533
27284308
27284311
27287695
27290639
27291587
27294265
27298745
27299133
27300758
27302843
27307692
27307693
27314497
27316669
27317439
27322474
27322623
27325559
27325888
27328748
27329137
27330106
27330822
27333037
27334371
27335225
27338827
27341347
27343064
27346974
27347015
27347161
27350610
27352967
27353043
27353517
27353947
27356510
27356879
27358180
27362534
27367509
27370603
27373559
27374410
27374712
27377778
27378692
27379089
27380894
27382485
27382493
27384033
27387980
27390132
27390512
27391102
27391121
27391137
27391596
27391953
27397503
27400125
27402091
27405544
27408687
27408751
27408820
27409795
27412952
27413415
27416908
27418539
27421267
27422383
27427983
27430617
27431987
27432187
27432940
27434427
27435318
27436767
27436824
27437095
27439424
27439461
27440997
27440999
27441201
27441836
27452399
27453244
27455246
27456059
27462242
27462357
27462358
27463523
27465585
27468420
27469977
27472056
27475985
27478809
27479814
27479915
27481395
27483260
27483465
27484031
27484504
27484837
27484908
27485216
27485500
27489562
27489777
27491411
27492805
27494029
27495975
27500280
27504264
27504266
27504877
27507172
27507911
27507912
27507913
27507914
27508083
27508084
27510803
27511724
27512640
27512878
27512882
27513193
27519266
27519903
27520059
27525068
27525076
27525086
27527340
27529127
27532257
27535729
27536553
27541642
27543293
27543892
27544332
27544499
27544590
27549087
27551680
27551681
27551683
27551684
27553291
27558267
27560382
27560961
27570737
27573199
27573763
27578509
27582597
27582626
27583304
27583663
27585670
27586135
27589997
27596865
27598514
27599564
27602174
27602404
27602407
27604643
27606346
27606357
27606499
27607449
27609317
27611364
27616045
27617222
27618959
27621663
27621838
27622494
27622563
27623147
27624628
27625105
27625337
27626064
27626066
27628848
27629047
27629094
27630060
27631024
27632209
27634379
27634470
27635202
27639823
27642530
27642565
27644330
27645772
27647186
27647349
27648472
27652079
27652283
27652284
27652356
27656288
27656661
27657131
27662471
27662472
27666198
27666404
27666772
27666822
27667800
27668283
27668284
27670293
27671536
27672653
27676246
27679651
27680516
27683084
27683652
27683825
27694961
27694994
27696117
27699154
27701467
27703193
27703446
27708219
27708273
27708425
27708560
27708576
27709257
27716192
27717313
27717396
27721825
27722093
27722904
27725546
27725554
27725659
27726070
27729216
27732944
27733133
27734943
27736875
27736983
27739455
27748352
27748933
27749582
27749844
27759048
27760138
27761169
27761245
27761249
27761313
27766062
27766163
27766311
27766312
27766948
27767231
27769281
27769300
27774063
27774450
27777502
27779215
27779714
27780934
27780983
27780984
27781142
27782177
27786367
27788217
27789573
27790088
27790124
27790374
27790375
27790376
27790638
27792752
27792758
27799058
27799064
27799067
27807076
27807805
27808268
27812022
27812779
27816334
27818686
27820636
27821076
27821113
27821898
27822509
27822510
27824013
27824015
27824329
27829420
27829782
27830118
27830184
27830187
27832746
27833609
27834067
27834076
27834868
27835667
27835862
27836010
27838798
27840894
27844030
27844031
27844033
27846313
27852057
27852232
27853448
27855232
27855642
27855655
27861123
27861128
27861377
27863379
27867679
27868075
27868403
27871226
27872624
27873105
27874104
27881154
27881174
27882258
27882921
27885802
27886254
27888582
27894351
27896094
27896282
27896285
27898983
27899157
27899912
27900366
27900370
27900482
27900994
27900998
27902461
27903293
27904835
27908292
27911912
27912749
27916860
27917291
27917906
27919237
27920058
27920410
27920829
27922245
27925579
27929079
27930337
27931826
27932089
27933176
27933517
27938333
27939583
27939697
27941975
27942463
27942505
27942778
27942854
27942873
27942883
27951410
27955642
27955658
27957444
27957547
27957548
27958203
27964710
27965028
27965258
27965375
27966543
27966544
27967308
27974645
27976734
27977773
27978591
27980226
27980447
27980538
27980752
27982466
27983729
27983999
27984190
27987238
27989324
27989988
27991732
27991736
27992417
27993705
27994071
27994174
27994182
27994189
27995076
27995398
27996046
27997596
27999334
28000143
28000699
28002403
28002430
28002560
28002565
28003497
28005197
28005958
28007035
28007986
28007989
28008009
28008423
28008925
28011635
28011863
28011864
28012175
28012541
28012864
28013530
28017198
28017220
28017231
28017243
28017257
28017370
28017372
28017373
28017902
28018021
28018435
28024841
28026021
28026033
28027977
28029522
28040389
28041644
28045594
28045954
28049534
28049649
28050124
28050684
28051070
28051077
2805380
28054173
28054335
28056120
28058502
28058510
28058511
28061824
28062276
28064200
28065471
28065684
28067909
28067911
28069311
2807278
28077491
2808425
28084635
28085675
28087349
28089114
28089922
28094762
28095086
28095098
28095140
28102150
28109637
28111185
28112205
28120103
28124119
28124483
28129423
28130977
28132689
28132690
28132691
28132693
2813379
28137957
28138907
28145909
28157540
28157543
28165182
28168832
28171660
28171858
28180938
28183707
28186352
28189489
2819242
28210839
28211224
28211240
28211244
28211977
28211979
28211990
28214152
28220546
2827816
2831226
2833478
2834369
2834824
2835307
2835825
2841226
2848757
2849209
2851587
2875754
2880291
2886685
2891604
2894352
2895023
2896620
2897363
2909537
2910902
2914705
2914942
2917196
2920211
2921040
2921044
2958938
2984239
2992643
2993307
2993888
2995392
3002527
3005356
3020025
3029073
3029074
3032452
3032454
3040577
3040726
3048433
3080419
3108247
3123586
3138875
3139545
3142772
3150767
3156856
3169232
3177365
3179438
3179447
3179448
3180993
3185623
3191114
3192518
3198114
3198771
3243553
3259232
3260007
3262617
3265398
3334897
3340821
3343350
3372508
3372533
3382401
3384338
3384708
3401592
3403536
3403550
3416069
3417397
3470784
3475710
3480541
3490178
3511099
3517880
3572996
3583768
3597771
3620699
3623975
3627182
3663935
3667323
3667599
3680503
3680504
3684597
3689700
3708159
3712394
3722385
3760189
3763397
3771562
3775362
3780671
3799598
3815525
3818645
3839802
3841531
3881334
3930571
4000967
4006915
4017373
4018033
4019786
4039107
4045960
455460
478302
6086605
6089938
6092353
6129204
6158500
6162860
6166590
6184621
6188062
6190800
6200457
6205403
6210198
6261753
6264477
6273867
6278449
6280057
6292840
6298782
6308057
6308558
6309910
6310991
6312455
6316779
6316787
6318797
6329258
6334310
6405779
6418082
6421773
6457059
6487335
6490612
6547932
6548185
6548205
6572978
6582486
6583702
6585831
6589624
661890
6629827
6652684
6671905
6687721
6714226
6736244
6839025
6853716
6933565
6941312
6946451
7123235
7263864
7334502
7440717
7479749
7479776
7479840
7481768
7485151
7485153
7485267
7487609
7487936
7487954
7488049
7491156
7491219
7492289
7493026
7493035
7493036
7493990
7496169
7496177
7499319
7501156
7501255
7508443
7510147
7513293
7513296
7515716
7515720
7516232
7516233
7516234
7516304
7516305
7516777
7517574
7518409
7518679
7519167
7519821
7520042
7520724
7520798
7521937
7523385
7523529
7524919
7525407
7525408
7526210
7526927
7526933
7528239
7528344
7529063
7529962
7530501
7531827
7532199
7533186
7534039
7538143
7538206
7539157
7539213
7539342
7539672
7540117
7541650
7543320
7545204
7545463
7545958
7550309
7550325
7550341
7553855
7553856
7558871
7558872
7558874
7558878
7558879
7560104
7561171
7561948
7563486
7565946
7566022
7573035
7573038
7575432
7579094
7579329
7579347
7579348
7579394
7579449
7579466
7585650
7585968
7593417
7593421
7594474
7594510
7596372
7606717
7609262
7611293
7614454
7619526
7620154
7620188
7627958
7629248
7632227
7655011
7655024
7657032
7658165
7661930
7661932
7664335
7665911
7668253
7668283
7668285
7670104
7670563
7679801
7680524
7680525
7680922
7682196
7683628
7683951
7683952
7683955
7684643
7684644
7684945
7685481
7686423
7686755
7687267
7689007
7689011
7689013
7689897
7689898
7689901
7691242
7691343
7691344
7691348
7691349
7691350
7691352
7692306
7693128
7693129
7693130
7693131
7693620
7693712
7694726
7694727
7694728
7694872
7697714
7698759
7698774
7701349
7704024
7704029
7704955
7705401
7705830
7705834
7705839
7705841
7705843
7705844
7706490
7706759
7706760
7706948
7707686
7709162
7711726
7711727
7711728
7711730
7711733
7711734
7711737
7713741
7713746
7713748
7713749
7713925
7714085
7714091
7714096
7714110
7715640
7716548
7717379
7717400
7718019
7718023
7718898
7719333
7719337
7719340
7719343
7719344
7719345
7720070
7720071
7720740
7722175
7724183
7726174
7726911
7728151
7728152
7728155
7728156
7730648
7731166
7734360
7739684
7741023
7741137
7744245
7744780
7747792
7749408
7749409
7749410
7749415
7749416
7749417
7749419
7750982
7751811
7751824
7755363
7756659
7757062
7757065
7757070
7757073
7757079
7757085
7757086
7757088
7757089
7759074
7759078
7759081
7762551
7762555
7763253
7766957
7767487
7772063
7772513
7772539
7773290
7773297
7776083
7780062
7782077
7782284
7785658
7786794
7786798
7789953
7789955
7789958
7792600
7794769
7795150
7795221
7795241
7795583
7795586
7795591
7795599
7795608
7795609
7795610
7795636
7795640
7795648
7795652
7798645
7800007
7803274
7803275
7803301
7803790
7803798
7803799
7803800
7806542
7806969
7808831
7809124
7811247
7811722
7812009
7812952
7813012
7813013
7814011
7814012
7814018
7814022
7815466
7816518
7819064
7819107
7823673
7824952
7825590
7827134
7828346
7829078
7829510
7829641
7832988
7833149
7833918
7833919
7833921
7833923
7833929
7833931
7833932
7833933
7833934
7833935
7833936
7833948
7833951
7833953
7833954
7834894
7835884
7837387
7837766
7838159
7839145
7842011
7847370
7847371
7848441
7849006
7849299
7849697
7849698
7849702
7849704
7849710
7849712
7849719
7849720
7849721
7849722
7852088
7852094
7852413
7858267
7859284
7860063
7860069
7860070
7860775
7863481
7865674
7865694
7866402
7866403
7866404
7866410
7868129
7869202
7870076
7873380
7873749
7874109
7874115
7874117
7874125
7874163
7874164
7874165
7874167
7874169
7874170
7874174
7876225
7877887
7880320
7881411
7881414
7881416
7881418
7881420
7881421
7881427
7881431
7881433
7882518
7883123
7883966
7886000
7889573
7889574
7894481
7894484
7894485
7894491
7894492
7894493
7896280
7898523
7901025
7901183
7901207
7902163
7902693
7903170
7903314
7904209
7904599
7906589
7906590
7906591
7907341
7908613
7909436
7910813
7910885
7912128
7912131
7913773
7913883
7915165
7915166
7915822
7915931
7915932
7916660
7918679
7918682
7919338
7919373
7920659
7920660
7923152
7923934
7928382
7928384
7929844
7933835
7936809
7937795
7939630
7942631
7942784
7943018
7944300
7945303
7947212
7947592
7949104
7949130
7949148
7951214
7951215
7951218
7951242
7951246
7951252
7951315
7954808
7954831
7955413
7957420
7958875
7959679
7959683
7959685
7959690
7959691
7959695
7959750
7961597
7961694
7961791
7962321
7962538
7966399
7969279
7977366
7982942
7982948
7983039
7989470
7989492
7993455
8872461
8872463
8872466
8872472
8872473
8872475
8874222
8874869
8875251
8875253
8875752
8875953
8875963
8877771
8878424
8878478
8879195
8880147
8880569
8880570
8880577
8880589
8881457
8881656
8882780
8882871
8884076
8884270
8886752
8889578
8889581
8889584
8889587
8889588
8889591
8889593
8890099
8892022
8892662
8892731
8894686
8894687
8894688
8894692
8894696
8894698
8894703
8896428
8896556
8896560
8896562
8896567
8896568
8896569
8896572
8896573
8898206
8898377
8899546
8900230
8900231
8900233
8900234
8902193
8902732
8904759
8904900
8906584
8906592
8907321
8909447
8909455
8910490
8910493
8910898
8911610
8912967
8914737
8914739
8916947
8916972
8918984
8922490
8922999
8923000
8923001
8923010
8923011
8923014
8929361
8929944
8931693
8931701
8931704
8931706
8931709
8931714
8933332
8936471
8937765
8938104
8938136
8938258
8938700
8939939
8940045
8940264
8940272
8941634
8941647
8943854
8943874
8943885
8944018
8944027
8944596
8945470
8945471
8950675
8950885
8954020
8955159
8955270
8956030
8956034
8956036
8956043
8956049
8956050
8956054
8956055
8956059
8956060
8957020
8957022
8957181
8958336
8960473
8960475
8961271
8964822
8964882
8968085
8968102
8968736
8968737
8968740
8968741
8968742
8968744
8968745
8968749
8968751
8968752
8968757
8968758
8968760
8971183
8972002
8978290
8978340
8980225
8981019
8981943
8981946
8981947
8981950
8983285
8985184
8986632
8988164
8988165
8988166
8988167
8988170
8988171
8988172
8988180
8988230
8989261
8990002
8990004
8990009
8990010
8990011
8990012
8990014
8990017
8990194
8992448
8992857
8993976
8995589
9002665
9002675
9002678
9002682
9003348
9003484
9003500
9003501
9003509
9005853
9005998
9007311
9007315
9007319
9007482
9007616
9007953
9008238
9008538
9010869
9010870
9011570
9012404
9012405
9012406
9012407
9012408
9012689
9016526
9017511
9017514
9020384
9020840
9020843
9020844
9020846
9021009
9024232
9024270
9028321
9028449
9028453
9028460
9028951
9028957
9029003
9031499
9032114
9032648
9032657
9036882
9036918
9036937
9036938
9036939
9038345
9039332
9039340
9039984
9039987
9039995
9040737
9040744
9040760
9041180
9042907
9042910
9042911
9042912
9042913
9045711
9048913
9048918
9048920
9048923
9048925
9048928
9048930
9049484
9050047
9050773
9052445
9052636
9054656
9054934
9054935
9054938
9054950
9055797
9057665
9061570
9062355
9063431
9063734
9063735
9063746
9065559
9066328
9066351
9066888
9066892
9067504
9067749
9067751
9067753
9067755
9067756
9067759
9067760
9067764
9070847
9070911
9070928
9075575
9075818
9075819
9077475
9086568
9087566
9088115
9088116
9090376
9090383
9090384
9090527
9090532
9090535
9094027
9094028
9096354
9096355
9096364
9097956
9097958
9097960
9097962
9097963
9097969
9097971
9098004
9099834
9099835
9099837
9099839
9099846
9100577
9100579
9101281
9101290
9101292
9101295
9101297
9101298
9101299
9101300
9101302
9101303
9101304
9101643
9103196
9106132
9106524
9106525
9106527
9106533
9108089
9109432
9109724
9112018
9116284
9118141
9118943
9120469
9122901
9126745
9126958
9127330
9129031
9129144
9132280
9132488
9132491
9132492
9135696
9138149
9138151
9140387
9140395
9140396
9140397
9140452
9140840
9141550
9141558
9141561
9143915
9143916
9143917
9143921
9143923
9143928
9143929
9143930
9143931
9143933
9144525
9145677
9145678
9147638
9147640
9147651
9147653
9147655
9147870
9150149
9150150
9150151
9150152
9150154
9150171
9150172
9150174
9150176
9150393
9150725
9150727
9150729
9150734
9150739
9152134
9152628
9152842
9153281
9153297
9154114
9157982
9158138
9158139
9158140
9158144
9158146
9158148
9158149
9158150
9158151
9158154
9158159
9160670
9160692
9162740
9163587
9163730
9164812
9166684
9166866
9167459
9168184
9171822
9171831
9174404
9175734
9175738
9175743
9175744
9175790
9176854
9177267
9177273
9178703
9180088
9180249
9182765
9182788
9182827
9184241
9185182
9185503
9185526
9185756
9185779
9186880
9187502
9187661
9187663
9188670
9188994
9189043
9191541
9191784
9192268
9192269
9192759
9192783
9192788
9192789
9195207
9195224
9195225
9195229
9196614
9197268
9199552
9199555
9199558
9199559
9199560
9199561
9199930
9202122
9203215
9204958
9204965
9204966
9207294
9207403
9207476
9207478
9207787
9207788
9207796
9207799
9207800
9207801
9208814
9211343
9215288
9215670
9215671
9215674
9215679
9215680
9215682
9215684
9215686
9215689
9215690
9215749
9217217
9217235
9217767
9218526
9218625
9218993
9221765
9222756
9222765
9222967
9223675
9225235
9225508
9225696
9225964
9225970
9225981
9226167
9226182
9226183
9226185
9232624
9233560
9233561
9233562
9236141
9238033
9239422
9240418
9240878
9241263
9241266
9241275
9241277
9242456
9242515
9242524
9242607
9243109
9244428
9245685
9245731
9245985
9245986
9245993
9247276
9249867
9252398
9253358
9253359
9254845
9254848
9254855
9254860
9254861
9254884
9255042
9255229
9255611
9255612
9259200
9259202
9259203
9259266
9259268
9259269
9259271
9259286
9259288
9260159
9261103
9266349
9266388
9266404
9266408
9266687
9266722
9266920
9266932
9267996
9268105
9268109
9268111
9268242
9268593
9271483
9272153
9272155
9272156
9272157
9272169
9276733
9279145
9279208
9279751
9279758
9279760
9280283
9281415
9282796
9284109
9284761
9285776
9285782
9285784
9285787
9285788
9285796
9285800
9286463
9287053
9287230
9288091
9288096
9288098
9288099
9288108
9288634
9288766
9290256
9290617
9291910
9292543
9292547
9292884
9294105
9295084
9295268
9298818
9298820
9298823
9298824
9298827
9298828
9298829
9298830
9299395
9299444
9300653
9300656
9300659
9302173
9302260
9302262
9302264
9302275
9302278
9302279
9302281
9302363
9305655
9306341
9307272
9311594
9311732
9311733
9311734
9311737
9311744
9312129
9312167
9313763
9313764
9313765
9321770
9322079
9322498
9322509
9322534
9323299
9323592
9324088
9326235
9326249
9326317
9326319
9326320
9326321
9326322
9326323
9326324
9326924
9326933
9326936
9326939
9326940
9326942
9326952
9328206
9328244
9328353
9328469
9328472
9328473
9328481
9328482
9328483
9328927
9328929
9329347
9329388
9331261
9332310
9332319
9332480
9333265
9334262
9337356
9338581
9338582
9338584
9338585
9341860
9341870
9341876
9341879
9341885
9341892
9345094
9345095
9345097
9345098
9345099
9345101
9345106
9345107
9347801
9347802
9347932
9349581
9349582
9349950
9350583
9351523
9351872
9354665
9354668
9354683
9354782
9354783
9354785
9354786
9354791
9354794
9354798
9354802
9354803
9354806
9355073
9356044
9359528
9360520
9360529
9360549
9360555
9360557
9360560
9360932
9361025
9361030
9361032
9361033
9361038
9361039
9361308
9361310
9362443
9362562
9365366
9366572
9366675
9367679
9368505
9369448
9371856
9375723
9375726
9375743
9375852
9375853
9375921
9375928
9376589
9377556
9382095
9382096
9382110
9382152
9384602
9384606
9384614
9384616
9385374
9385378
9385381
9388247
9388399
9388506
9388817
9389696
9389718
9389728
9389851
9390563
9391252
9391879
9392581
9392583
9398712
9398735
9398746
9398836
9398852
9398858
9399661
9399842
9399886
9399897
9399899
9399904
9399908
9401003
9401005
9401060
9401066
9402962
9402963
9402976
9406579
9406827
9409863
9409873
9410474
9414276
9414278
9414279
9414300
9414313
9414314
9415400
9415689
9415844
9415845
9419212
9419367
9419403
9419979
9421404
9422533
9425223
9425226
9425227
9425228
9425231
9425234
9425237
9425888
9425889
9425890
9425895
9425897
9425899
9425900
9425907
9427161
9427255
9427714
9428520
9428765
9429140
9430594
9431844
9432020
9435328
9435426
9435454
9437237
9437321
9438006
9439663
9439666
9439668
9439676
9440731
9440802
9441825
9442063
9443865
9443872
9443877
9443879
9443882
9445504
9446754
9447232
9447607
9449683
9449702
9450787
9450794
9450796
9450866
9450902
9450904
9452026
9452030
9452031
9452032
9452033
9452035
9452037
9452038
9452043
9452045
9452050
9452051
9452052
9452053
9452054
9452055
9452059
9452063
9452064
9452070
9452076
9452080
9452083
9452084
9452086
9452088
9452091
9452092
9452095
9452096
9452097
9452098
9452101
9452103
9452106
9452108
9452109
9452110
9452112
9452119
9452120
9454741
9454742
9454777
9454778
9457748
9457913
9459000
9459358
9461086
9462735
9462747
9462749
9462750
9462751
9462754
9463309
9463311
9463313
9463320
9463322
9463323
9463332
9463333
9463336
9465809
9465897
9466990
9466995
9467005
9467006
9467010
9467011
9467018
9467560
9467570
9467575
9467595
9468540
9470882
9470905
9472666
9472859
9475094
9475608
9476130
9476131
9476679
9482572
9482575
9482576
9482580
9485179
9486400
9486973
9486994
9488633
9488635
9489699
9489700
9489796
9490286
9490294
9490302
9490304
9490687
9494047
9494051
9494052
9494053
9497245
9497247
9497253
9497259
9497261
9497262
9497263
9497336
9499414
9500540
9500542
9501270
9501271
9502232
9502574
9503029
9506527
9880218
9886273
9886275
9886302
9886305
9888392
9888995
9892189
9892956
9893114
9893679
