11139261
11668611
11520777
11748854
11502831
11559848
11668618
11601506
11295837
11468166
11511292
11757581
11748858
11687800
11295832
11243734
11689492
11391796
11528383
9887280
11746028
11295831
11567215
11586956
11524473
11468312
11709541
11371347
11335693
11683776
11706962
11709545
11600582
11701667
11642233
11313316
11708860
11741829
11704758
11843836
11776317
11810272
11810270
11207989
11768584
11323050
11748844
11687802
11676848
11781698
11748846
11761473
11754050
11754111
11886537
11746018
11804208
11600516
11735025
11886499
11754112
11322656
11735023
11840199
11343322
11735031
11279515
11741828
10726708
11734544
11847467
11886536
11700157
11846737
11238270
11149413
11520753
11564167
11326085
11134255
11251584
11499719
11520764
11470705
11251583
11358428
11168576
11449318
11248282
11442643
11292324
11369005
11309221
11479594
11509016
11527935
11372755
11690702
11304778
11437933
11595880
11441142
11527932
11267945
11523564
11527955
11336399
11457640
11527933
11427982
11677205
11590210
11581002
11536076
11595708
11733976
11710890
11479539
11536077
11559858
11668521
11776388
11668627
11737238
11765051
11776386
11684352
11545739
10898506
11736760
11668224
11606101
11600137
11728965
11159788
11719191
11730657
11709191
11493646
11741532
11402105
11402119
11402104
11520734
11742281
11960572
7746201
11688383
11158219
11960578
11579115
11739418
11161805
11222804
11518780
11133775
11352982
11241479
11241471
11558869
12132870
11328725
11313315
11298117
11167783
11245474
11803525
11297581
11472359
11564824
11555397
11545687
11297579
11222789
11549642
11470537
21154324
15070876
12488604
14574011
14574009
11369194
11160968
11436563
11554935
11722423
11479730
11414765
11806470
11272211
11783951
11333669
11545686
11208710
11591889
11578300
11313270
11443207
11549681
11261321
11567139
11738879
11675386
11169564
11606497
11738358
11773004
11754104
11784876
11810295
11754101
11754098
11810292
11793480
11745002
11793473
11858487
11793470
11793467
11793468
11793483
11845237
11793485
11442475
11815424
11788826
11781258
11849230
11788646
11830467
11756345
11799392
11907649
11875055
11801399
11901270
11857748
11857743
11857744
11942313
11857754
11836498
11040093
11857755
11857752
11854170
11857740
11919560
11857736
11897817
11850618
11891681
11933206
11889466
11841554
11874499
11938448
11929856
11841555
11895778
11865300
11919338
11933210
11977176
11941370
12000359
21700483
12032265
12112664
12112667
12068297
12118255
12227467
12124992
12210323
12210795
11855933
12203991
11855939
12204010
12204009
12203990
11855930
12203999
12207932
12207938
11914034
12384776
12325029
12325022
11907499
11916007
12325024
12357336
12404112
12368912
12461690
12402337
12402345
11953735
12402331
12402335
12414817
12028435
12485454
11939511
11939512
12464671
12369017
12471062
12442284
12072877
11961012
12442267
11949931
11949932
12442288
11949935
12008755
12638939
12175782
12175777
12088078
12237653
12373605
12191971
12417285
12409268
12409266
12537648
12428061
12422349
12509712
12401890
12144056
12359137
12359134
12567265
12126939
12126933
12464675
12111367
16783466
12486872
12200379
11862382
11914245
12497641
12497637
12497630
12507890
12522554
12524598
12624138
12588800
12673797
12655570
12673805
12707076
12655569
12676893
12594532
12677556
12813757
12825071
12632325
14961551
12796534
12752111
12757705
12757706
12815606
12815590
12810666
12815592
12815607
12815591
12794683
12815589
12872256
12827496
12930394
12534611
12941782
12949972
12938095
14518825
12963616
12506140
12846734
12698193
12955722
12955717
14504330
14557425
14517960
14986826
14517957
12701064
14602738
14532324
12843338
14678801
12920095
14635115
14508505
14517221
14632190
14684699
14748827
12827451
12559846
12559849
12948746
12949319
12874454
12873855
14582039
12776285
12925671
12930312
12943669
12911530
14696913
14567968
14599123
14611946
14592868
14673575
12941051
12939431
12885331
12885342
12569164
19390655
12655559
14695533
12969981
14695532
14647275
14718707
14571263
14722928
14974081
14715826
14732903
14630990
14740318
14630978
14750096
15024742
15024724
15024725
15019703
15060128
11095629
15060126
15108290
15108281
15141358
15173253
15154116
15146476
14982873
15146460
15146462
15221789
15221801
15241804
15241806
15253708
15241803
15258582
15241805
15293285
15347342
15336686
15300850
15164414
15351423
15365999
15365987
15308131
15171998
15110324
15617192
15086324
15373767
15464427
15610535
15459956
15059622
14728992
15459973
15521968
15523645
15532026
15523652
15523612
15256764
15192636
15217518
14970866
14966923
15086338
15477515
14978175
15086958
15018634
15069170
14759633
15325563
15454837
15531455
14760529
15338398
15542397
15524314
14757870
15044805
15556093
15043528
15542399
15579993
15577746
15569173
15569175
15481896
15651669
15359125
15130691
15156359
15684864
15225095
15590401
15500778
15015129
15070910
14742428
14715863
15351422
15372525
15479191
15289763
15521993
15537665
15538631
15617546
15689433
15694177
15691367
15682412
15522956
15614569
15725586
15773042
15689455
15807877
15733273
15660226
15657609
15780079
15754283
15643609
15781192
15643616
15780077
14692646
15811009
15712268
15811015
15666242
15807692
15712228
15714521
15811010
15701167
15714522
15805161
15698423
15714519
15845031
15770229
15776424
15776425
15657175
15833426
15666300
16950989
15776423
15832312
15880727
15880721
15952988
15689361
15949010
15888141
15953011
15841485
15979037
20003452
22317976
15843990
15954103
15877209
18853459
17562833
15390180
16088907
11405812
16141003
16010686
15946525
16086318
16010683
16151907
16098014
16088892
16141001
16010684
15985476
15915086
15963748
16283883
15967699
16146704
16231306
16100712
16198108
16380922
15821733
16173970
16270648
16380907
15967879
16116615
16200072
16088929
16185271
16126423
16283880
15805149
16118340
15671307
15810915
16128892
16211558
16133180
16435196
16205833
16189704
15670229
15710596
20331761
16879218
18403393
16601827
18691168
15663510
16287144
15858154
15781193
15832002
15775761
15823276
15932525
16189622
15849466
15660230
16189623
16189631
16189162
16114188
16133661
16053392
16084127
16147969
16159606
16256386
16205573
16198375
15486997
16028794
15833136
16271705
16473856
15749661
15996930
16370484
15977037
16186538
15921397
15998910
16123401
15921378
15756301
15886230
16316524
15833157
20223039
16015582
15771971
15770702
15800013
15609295
16098008
15840743
16435223
16385454
16311595
16433701
16465621
16465405
16281286
16400615
16143556
16373086
16429405
16406649
16450403
16439963
16484981
16183799
16466947
16424663
16389549
16394081
16470554
16410054
16470552
16415040
16505055
16606917
16118345
16488171
16650086
16682973
16682970
16510302
16632485
16601880
16628732
16597330
16648375
16290310
16357843
16705713
16813605
16877420
16786533
16372260
16331671
16775838
16835901
16786531
16607461
16314194
16835865
16786505
16786513
16652335
16767101
16738945
16720663
16854607
16941484
16582908
17018160
16679490
16909394
16936131
16941480
16965329
16737834
16937026
16772352
16597677
16917947
16969869
16972177
16917880
16803629
16735499
16427927
16996287
16569599
16627867
17100997
16519791
17033958
17087781
16490061
17041896
17041890
16960852
16968736
17085681
17047887
16611712
16738009
17044012
16720462
17117178
17093394
17051315
17172620
16387360
17096675
16996397
16570191
16807905
16881969
16814527
16793208
16945936
17253930
17253928
16606928
16871584
16479318
16906473
16972175
16495038
16882742
16788318
16540517
16770791
16500083
16715535
16460646
16411093
16703378
16542394
17160889
17024374
17075691
17003072
16825429
17192295
17164303
17041906
17070050
17056254
17309651
17221873
16919251
16963483
17221871
17089404
17345604
16971478
17282977
17310273
17014892
17470141
17397050
17347910
17397051
17437276
17361009
17426120
17324573
17503333
17220209
17262014
17495019
19479957
17326097
17317524
17407155
17564967
17564974
17396119
17445092
17610549
17055682
17365003
17546029
17537630
17653047
17558409
17558407
17309986
17197040
17653040
17377820
17405132
17458872
17594715
17458871
17632790
17700570
17554762
17617513
17409309
17724218
17916216
17698709
17878207
17723315
17616415
17876724
17316607
17765246
17453009
17559086
17959774
17893295
17718863
17236799
17570373
18034201
17949296
17922217
17318636
18055493
17979987
18024374
17550859
17768122
17486497
17657858
17717288
17968484
17666371
17371932
17334707
17852193
17990063
17628222
17899208
26022348
17968143
17694548
17954289
18006960
18055820
17118990
18925618
17972177
17906881
19725996
17392716
17964524
18034425
16087056
17206462
17699451
17525851
17910737
17924555
17994539
18273898
17726484
17897828
17970812
18217193
17916201
18024964
18245657
18395098
18241067
18373411
18409179
18385497
18385043
18422995
18231121
18289905
18184865
18285536
18429042
18379723
18337561
18381244
18327255
18181211
19206179
18294254
18299955
18407553
18392553
18443316
18378174
18479430
18600086
17661037
18285821
18287808
18541450
18483695
18440202
18550408
18577113
18546332
18510547
18411254
18459951
18371163
18479429
18624698
18425781
18458862
18654885
18310263
18779497
18285825
18684116
18667317
18708296
18484239
18752449
18263758
18583217
18279815
19068278
18321536
18757064
18786133
18693274
18684156
18554280
18849176
19023448
19040728
18702659
19026396
19061985
18996010
19036621
18034255
17662673
18773267
18728358
18758381
11815775
18614772
17393301
19026292
19058315
19029076
18350323
19364062
18322713
18563459
18471088
20016754
18297328
18796520
18607768
18726626
18484607
18925671
18769939
18575927
18216321
17672828
19043416
19128366
18782298
20523169
19139342
19006247
19058225
19135028
18758829
19127411
19197337
19022407
19954013
19881469
21836662
19232494
19367324
19138872
19517265
19185318
18616706
19748572
19153382
19342478
19376587
22135276
19075393
26990548
19375370
19250380
19091795
19177532
19177531
19085907
19006241
18718593
19292887
19292873
19332692
19201763
19028728
19366456
19158808
19283855
19081669
19390654
18829024
19396826
19050726
19423745
19254853
19056372
19416242
19235232
19361779
19410294
19309691
19409785
19265687
19529988
19345147
19370757
19431184
19370764
19370768
19491146
19370762
19118540
19444284
19351728
19473408
19300480
19324987
19619314
19500103
19659762
19451210
19324997
19636047
19620612
19375528
19667359
19049339
19631308
19046346
19125249
19295657
19686598
19666519
19318025
19129241
19665875
19339744
19726876
19693296
19446849
19716112
19732863
19732862
19535770
19527272
19696993
19744353
19603532
19737284
19602481
19786220
19665357
19657836
19592100
19781681
19800048
19804848
19741216
19066957
19703900
19683336
19748052
19074751
19681861
19701948
19634183
19252935
19863563
19777577
19796717
19760747
19719548
19406966
19759008
19716085
19862335
19898691
19750581
16601898
18925426
19706062
19321760
19815833
19168821
19715473
19683193
19896110
19896109
19878917
19896113
19853237
19836010
19926015
19917958
19908348
19738042
19740093
19936245
19956407
20031617
19754354
19762333
19862842
19921648
19862844
19937601
19776401
19812541
19812035
19775295
19810119
19578027
19843503
19825999
19926013
20004762
20004766
20004765
19685247
19775921
19666486
19384555
19934020
20042197
19588081
20027300
19383612
19643445
20057908
19877282
19915526
20018682
19959795
20087419
19574259
19617216
19914852
19878510
20002450
20060269
19940839
20018532
20152563
20005713
20129283
20113296
20142524
20145306
22190901
20507940
21274339
19900597
20137776
20137777
21045959
22140375
20435624
20159112
20179084
20157158
20100466
19844261
20158661
20140963
20147709
20140240
20118933
20154675
20179356
20172850
20175955
20104584
20211909
20214791
20206331
20170898
20206334
20170899
19949804
20060901
19655142
20233014
19953608
20022777
20236208
20157015
20080426
20167518
20194882
20190753
20120035
19863576
20358311
20226437
20015884
20188615
19440741
20386867
19941982
20380699
19914908
20413710
20236351
20165957
20131292
20177705
20015893
20454696
20228266
20232353
20333770
20232449
20437613
20045108
20440071
20407228
20095989
20176027
20145307
20232290
20500434
20537394
20514622
20184583
20528906
20532507
20544924
20664692
20538126
20485447
20533009
20554659
20507924
20664689
20472660
20494601
20648714
20628236
19944167
20187884
20179744
20602486
20574985
20656880
20414678
20657596
20236127
20175788
20453399
20806050
21637475
21966424
20375346
20800587
20798953
20817137
20797690
20705279
20729109
20736950
20074522
20148032
19949876
19731080
20849656
20818665
20402754
20331753
20838461
20461111
20814824
20818383
20835237
20812380
19921286
20631720
20813973
20638881
20852386
20850105
20920281
20925952
20549359
20058079
20828696
20939871
20857253
20490926
20521171
20683928
20685672
20890278
20817924
20929962
20927635
20876471
20877689
20378821
20938048
20659813
20555349
20932283
20927582
21044053
21069908
21080980
19959640
21125408
21077202
21151602
21118512
21084748
20861124
21152410
21129727
21129728
21092922
21092923
20618355
20049467
21109228
21108436
20886637
20960466
21129721
21078986
20431853
21184155
21131973
19717150
21113249
21113250
21203349
21165360
21057262
21250555
21253317
20509832
20623375
20817017
21158681
21327084
20858962
20517649
19679886
20718790
20712882
20846682
20592910
20798252
22125506
21057261
21199492
20816175
20015892
21311097
20549364
20695909
21131972
21131974
20961759
20952379
21194675
20943781
20951619
20855223
21205968
21208667
21220633
21219664
21232165
21147011
21235735
21232767
20921020
21068128
21258341
21240275
21217755
21244692
21159338
21271650
21255467
21264817
20528887
21208200
21300044
21293852
20930271
21310273
21306635
22033733
21905166
21176883
20857133
22152682
22100072
22150416
22146830
22150417
22174939
21285249
22172221
20972631
21643010
22184204
22219649
22190405
22209141
22185115
21050253
22158542
22115770
21990299
22209762
21965147
22206639
21865375
21778326
21933806
22197934
22308153
21031596
21846590
21846392
22848303
22866131
21597885
22194990
22567352
21494555
22010008
22155606
21089071
21053371
21052717
21333496
21345103
21347544
21070499
21258343
21354044
21270641
21206382
21209035
21036400
20979233
21397062
21153841
21423868
21353195
21034864
21150883
21394280
21436445
21398687
21282188
21228398
21416587
21418584
21450525
21448560
21358632
21419380
21439540
21273304
21128906
21217109
21482928
21483992
21458243
21118338
21307867
21392994
21533187
21497194
21540551
21633712
21569298
21549342
21565291
21549341
21529752
21198797
21490157
21270239
21258814
21602930
21503690
21505094
20956273
21204211
21734816
21567908
21477109
21394825
21412941
21552264
21412940
21572413
21552266
21357618
21507892
21326314
21309044
21555057
21248318
21631963
21480867
21305319
21598378
21665002
21665001
21596365
21664999
21658225
21646632
21686329
21502316
21436283
21493627
21120950
21344540
21679407
21624848
21326281
21404287
21682876
21670436
21671394
21042819
21707975
21415313
21633164
21541274
21707886
21704885
21457804
21740180
20884774
21850168
21520339
21515508
21593743
21765412
21387466
21763205
21789513
21750680
21549624
21762381
21633365
21829674
21798101
21857958
21296825
21796205
21820098
21820096
20661612
21824559
21834044
21838856
21649796
21522182
21371196
21659346
21697856
21841779
21822267
21415409
21844576
21354051
21400500
20825431
21885028
21907015
21902834
21699652
21911583
21862650
20861488
21559944
21689372
21931702
21709188
21931733
21866333
21910224
21864452
21917135
21713987
21884818
21939546
21833744
21874003
21874000
21157496
21951868
21961810
21722902
21840889
21968111
21056691
21750090
21645214
21937992
21910981
21921422
21424692
21719429
21932095
21981780
21963259
21614596
21952622
21605293
21937134
21964860
21524986
22004887
21940737
21969337
21820994
21967228
22031817
21625022
22065924
22065932
22065930
21998596
21675857
22032306
22006311
21934105
22008521
20975516
22018287
21792934
22020151
22042873
22077973
22036172
22038564
21833017
22086604
21702907
22085629
21704277
21602428
21866095
21801158
22114986
22162627
21764616
21963785
21880526
22069181
22127713
22171155
22039241
22134107
22238637
21897443
21933854
22231382
21913181
22131361
22243965
22173106
22177091
22197487
22182842
22209248
22144672
21990100
22006793
22239554
21922596
21291454
21291455
22246659
22252923
22277967
22245569
22209565
22247482
22266938
22246503
21332469
22102707
21990111
21761402
22355242
22751902
23111982
22065545
22718341
22231430
22960500
22739344
22569110
22159456
22004009
23162007
23158025
23106651
22305528
23046579
22644838
23188109
22284827
23033978
22325362
23176824
22160602
22284826
22265015
22581970
22265017
22265014
22648184
22284829
22644586
22265013
23264412
23264413
23254335
23276700
23228939
23276707
22464564
22361452
22071889
23020595
22956686
22434185
22670141
23278509
22308375
23276443
23103230
22081099
22698282
22581261
21910785
22171010
22323514
22135386
22393275
21893220
22121117
22302105
22226660
22419850
22236406
22102705
22009639
22335739
22405089
22387016
22382806
22341971
22353362
22353939
22126750
22213089
22310223
22264772
22281021
22426012
22429511
22264887
22458570
22444671
22444670
22174160
22465271
22464770
22444735
22448264
22493702
22484064
22479560
22479377
22483971
22484412
22384008
22488849
22382357
22395892
22522420
23430926
22199242
22211794
22541558
22417841
22441121
22545102
22541560
22521416
22503633
22297152
22220808
22554029
22396310
22615817
22545135
22512483
22103590
21883705
22068827
21940687
22161967
22655046
22117735
22063097
22593002
22507750
22682623
22261762
22685593
22633639
22633640
22693283
22334370
22578326
22366770
22676651
22644605
22089644
22353940
22608882
22575620
22674428
22695344
22704718
22710145
22178060
22431104
22522174
22474227
22634753
22248099
22333603
22761912
22721650
22717225
22700954
22642865
22205104
22544365
22382802
22815624
22778927
22706301
22581936
22169961
22703878
22726846
22658618
22613717
22801770
22315491
22805644
22333902
22409273
22736430
22848613
22772368
22772369
22729224
22382358
22698809
22789865
22695176
22727635
22727569
22302274
22857269
22870186
22835214
22863007
22698793
22844106
22679066
22182525
22854115
22402565
22883145
22857792
22795537
22863349
22919268
22673887
21913903
22773737
22612257
22885444
22700964
22881376
22903559
22898263
22898041
22913777
22887978
22924737
22842232
22929189
22751495
22952768
22653642
22539336
22491737
22883483
22704482
22974128
23430940
22903915
22998683
23000314
23034915
22982371
22740382
22807293
22693042
22762150
22678886
23000069
23010210
22926650
22921432
22191674
23026888
22741565
22958177
22818240
23042628
22949511
22829427
22540999
23261302
22878509
23250129
24118499
23169530
23847139
24144451
23950152
24078732
24105851
23946133
24135949
23266810
24038877
24122059
23982839
24140113
24119684
23949594
24142281
23220543
23924834
23621129
23067144
24183309
23088352
24128691
24070816
23281160
24123792
24139698
23680767
22899091
24052634
23043354
22823409
23197103
24375831
24300241
24371179
24332224
24357026
23249616
23687000
22816526
24013928
23582048
23530687
24081456
23965743
23768953
23913812
24219067
24772966
22832027
24073597
24350308
24411039
24169249
23926300
22416811
23597521
23235335
24158785
23275527
23034536
23454784
23462331
23457306
23449718
23507172
23093250
22968129
22968136
23542076
23546949
23495203
23567103
23518715
23580368
23597518
23555276
23635427
23638949
23660394
22283455
22692065
23628458
23640936
23566849
23613520
23690520
23688858
23440719
23726270
23729491
23687349
23188044
23169490
23699708
23707145
23772786
23551039
23453514
23514811
23661369
23661368
23534532
23299919
23618813
23891469
23891471
23856379
23811034
23150186
23067021
23877479
23911390
23932794
23806237
23876334
23974653
23973728
23958762
23911318
23884227
23872636
23982005
23685560
23918157
23932990
23791648
23993197
23993194
23711237
24025584
23252888
23559409
24023986
24027297
23974871
23955596
22872100
24075187
24001781
24035193
24075186
24055112
24094744
24056153
23700290
24043777
23975875
23759947
24094725
23756440
24252386
24112640
24274981
23481307
24282183
24269275
24248152
23591405
24043634
24439109
24257475
24482476
24123890
24944099
25261445
24934643
25078356
24549055
24130152
25366773
25097241
25205859
24175892
24164681
24105469
24116921
24033328
25251685
24261627
24997176
24611592
24125893
25251670
24077845
25046369
25231368
24737350
25306193
25456746
25456745
24166829
24690487
24901346
25473036
24227627
25596306
25468891
25438642
25268796
25492507
24041679
25205138
24854265
25577957
24174341
24197801
25079116
24948345
24849935
25482253
25271213
25422023
24482100
24617447
25537548
24118398
25170860
25104275
25501174
25504019
25186273
24915922
25052612
25190158
24415890
24429551
24100244
24398345
24154662
24535598
24474277
24464559
24516753
24499211
24108692
24401910
24633401
24630286
24677745
24441663
24503138
24319099
24434300
24685522
24401662
24478002
24746959
24656159
23975452
24656905
24618324
24403048
24695763
24718837
24387836
24488770
24138066
24584348
24770780
24780617
24797656
23963297
24842304
24850569
24424123
24919650
24913019
24597476
24742477
24986053
24190796
24418481
24985548
24999735
24896178
25058219
25060287
24498942
24033287
25089800
25097766
25117148
25007885
24625443
25129257
25168411
25132046
24162162
25220015
24938718
25122203
25066259
25152992
25152457
25284604
25252889
24563386
24718843
24798265
25394566
25445212
25461735
25443657
25472526
25604658
25296579
25428120
25558065
25646853
25972034
26733776
25913354
26264513
25377065
26409293
26382629
26096710
26207313
26255038
25410531
25382614
25307721
26440671
26275793
26387595
26483271
25307543
25644115
24512366
26497376
26493120
26246154
26136524
26223439
26297554
25900714
26194984
26385305
26539891
26361991
24400638
26556812
26315354
25380242
25990047
26546047
26384470
26445815
26671124
25154629
26537054
26586712
26600521
25250579
26603002
26518167
26431509
26609033
26702251
26632803
26625674
26377240
26325558
26436962
25834949
26718981
26476733
26782526
25122143
26901124
25982359
24001013
26346818
26454440
25575550
25497041
26288984
25652415
25910913
25847799
26589311
25847299
25874479
25744334
26298600
26092869
26133251
25163546
26194623
25239263
25452441
25967231
26225655
26574590
26270727
25635128
25575603
25614309
25754625
25555642
24724966
25113778
25356976
25731960
25697092
25834954
25611614
25766764
25611311
25720465
25902753
25503412
25839937
25761933
25721401
25877891
25868377
25846081
25818041
25976463
25616768
25976460
25912515
25917813
25966443
25876686
25930172
26047050
26071121
24989076
25869295
25665837
25649377
25846608
25349199
26049658
26020417
25936995
26062849
25046119
25595217
25986339
26125817
25987458
25957634
25787344
26210745
26277102
26260157
26076395
25980754
26077850
26257172
25681085
26030785
26287336
26123494
25526710
26345865
25330149
26310054
26370686
26370861
26523528
26490104
26534844
26619383
25974833
26708955
26628246
26462614
26573435
26109258
26499107
26629787
26806323
25900853
26691501
26822949
26825088
26934379
27025581
26809805
26765342
27225849
26562614
26913919
27247322
26597493
26938784
26088049
27146977
26663670
26782015
26927322
26827627
26582265
26897466
26920127
26915675
26916651
25998749
25856670
26795590
26927351
26810761
26827111
26965209
26968956
26992781
26968818
26395554
27000805
27033713
26851525
26060040
27067486
26197980
27020652
27041517
27040675
27050191
27078640
27061915
27054699
26563984
27084228
27105866
26956563
27083775
27122458
26944031
26402642
27150612
27153395
27159321
26927203
27038534
27236917
27181683
27259053
27259049
27173320
27220909
27216017
27206941
26785811
26453362
27037498
26707537
27143074
26872967
27246110
26888482
26762690
27093116
27375279
27270174
27355534
27374774
27321946
26899768
27374770
26355662
27068579
26936803
27167370
27256151
26864046
26984562
26879396
27227689
27167055
27082427
27246798
26830710
1301956
2821070
2843815
20704537
2475911
2808364
2743975
2773937
2606727
2730955
2525253
2634667
2531748
2928313
2537010
2665856
2349937
2339710
1967768
2236053
2295701
2243141
2107542
2105906
2122458
2158827
2167124
2220818
1975559
2249848
2378353
1722323
2022744
1676699
2022752
1710600
1710599
1990834
1710601
1709778
15025720
2010537
2041805
1650161
1996985
1769663
1911355
2001456
1837283
2018042
2014236
2063866
1682235
1709636
1909401
1985460
1905879
1705937
1986017
1990844
1356169
1301949
1379210
1284538
1379211
1284639
1284477
1283149
1284537
1283151
1598901
1549596
1430199
1734721
1951306
1517110
1586746
1532289
1302612
1532910
1303211
1634609
1352322
1479292
1737848
1737786
1609808
1301936
1363786
1363837
1618760
1634236
16049310
1357229
1480464
1390948
1301207
11788090
2118657
1986379
2011585
11883825
20510657
2064964
2736244
1301930
14695534
17718859
15727251
10677860
10200056
10627134
10206684
10206683
10200057
10694919
17020467
10464635
10094560
10094563
10189220
10671065
10502789
10993719
10790220
17331079
15300780
10319888
10220151
10425038
10447265
10338090
10094548
10090476
10382909
10404764
10094553
10090477
10090479
10338092
10408771
10218527
10360396
10090486
10233364
10190325
10447264
10444186
10208479
10447263
10422802
10330344
10369256
10394930
10329019
10190331
10408779
10450864
10080182
10369257
10519986
10482962
10484783
10234507
10486320
10439967
10196701
10094191
10518030
10094189
10196714
10234516
10486317
10535983
10502777
10573008
10533061
10502779
10533068
10521292
10562302
10504458
10583258
10521298
10544226
10521290
10598814
10521299
10521293
10486316
10593994
10594000
10581036
10577908
10612837
10562460
10577909
10527672
10649501
10649502
10679946
10679949
10679948
10352930
10666480
10595257
10570908
10636680
12913074
12120234
10521294
10367729
10577936
10426149
12125808
10093067
10083731
10559517
10352164
10422804
10227685
10599696
10507736
19777576
20624279
21151595
21944778
21880993
21944779
21683323
22161987
22807188
23551834
23254636
23936447
23951356
23914978
24763282
27162618
27151080
10811882
10720067
10923050
10712675
10951252
10835633
10973263
10993647
10691417
11071391
10973248
10631138
10978226
10631140
11524733
11781704
11474210
11257468
11328285
11592811
11165012
11257257
11168953
11687798
11377971
12544487
12439892
12189492
12402263
12052488
11935341
12187429
12080385
12466376
12592555
12588353
12923862
12709369
12591909
12566520
12614369
12730724
12837857
12406895
15365998
15257456
15613048
15059067
15452297
14735197
15372108
15059621
15353005
15480987
15121988
15475941
15199436
15723292
15670722
15776427
15806320
15655674
15823288
16532972
15219231
16321363
16415886
16481891
16470588
16582910
16430766
16845277
16652334
16566881
17041746
16792510
17142622
16990043
17448246
17498085
17327381
17275380
17307006
17460142
17241866
17561994
17590087
17436019
17443271
17452236
17426749
17999366
17999358
17383910
17516458
17999360
18348289
18239150
18077166
18474783
18487280
18683213
18590994
18653336
18593870
18407919
18695062
18398442
18440262
18682433
18616531
18321666
18387975
19007919
19084397
19930554
19734936
20031633
19302770
19367192
19357118
19357116
19368708
19050727
19332160
19287372
19050731
19058200
19597113
19251976
19610101
19610084
19610109
19668335
19693293
19398375
19666484
19664229
19635604
19690142
19758981
19764032
19734421
19779134
19896112
19623215
19921645
19912631
19852576
19898479
19944405
19944400
20004785
20003547
19807737
20014132
19809484
20098710
20104611
19966786
20137773
20221251
20967226
22140378
20585555
19838731
20133622
19965530
20052547
20033212
20300561
20221430
19920853
20350330
19888295
20052766
20173215
19951973
20002125
20468056
19946181
20234391
19858128
20587039
20578160
21280092
20683152
20826270
20653736
20864635
20809526
20979191
20920651
20843829
20937753
20848658
21055719
21031081
21108402
21122093
21056402
20848650
21109226
20848651
20844544
21072004
21143337
20500513
21190454
20506408
20844286
20808887
20972252
21183788
21227399
20877415
21183795
20844836
20972249
21880633
22106036
21786142
22190369
22006977
21505449
22138692
22219654
21360829
21708285
22570644
22205991
22243262
21858020
21308999
21497890
21373257
22102647
21801163
22822383
23074679
22215957
22118685
22190899
21281505
23074674
21572369
21102625
21063442
21364908
20839288
21275958
21408189
21397063
21382890
21457585
21473986
21497296
21412926
21513506
21224895
21412933
21267005
21555639
21505135
21559371
21285886
21448237
21567932
21415077
21386874
21404118
21376320
21596366
21677792
21527850
21659953
21670407
21326280
21660517
21671386
21703028
21160490
21715711
21850172
21712996
21658830
21779178
21734151
21801371
21827697
21814341
21802062
21610751
21871116
21879898
21851881
21642631
21775501
21936929
21610747
21904390
21892160
21931569
21910976
21920918
21927611
21976454
21421563
21993715
21727005
21684788
21750083
22073273
21993689
22008945
21645180
21989022
22128245
21914562
21981782
21119708
21671075
22071895
22197486
22209245
21792232
21948486
21897445
21654729
22147502
22238415
22232211
22232210
22260333
22269667
23140272
23142039
22617343
22236196
22305527
22689679
23227376
23251618
23084433
23251683
22998978
22126752
22776072
21989363
22009145
22242013
22855650
22214275
22720145
21933724
22363543
22045295
22511892
22346768
22368301
22383943
22419846
22379338
22146942
22108604
22223181
22436304
22377733
22383261
22481874
22241092
22509352
22290657
22407726
22199024
22476911
22550392
22522421
22166941
22234157
22496201
22562447
22562240
22581475
22581668
22258522
22090376
22596160
22649220
22691290
22633399
22644603
22469094
22712005
22676771
22678932
22353942
22503632
22608502
22730557
22770980
22534316
22799487
22127048
22311747
22857009
22867051
22843259
22690784
22883072
22378281
22824774
22894145
22581004
22841515
22585707
23430936
22965927
22510846
22883975
22722545
23074687
22365943
22544547
22713806
23294540
22801970
22781090
24124559
24078737
23943206
24056159
23935018
22872102
24227916
24081483
24180463
24350656
23401659
23904625
24377430
24265589
23833242
23878096
24455331
24135862
24501682
26064518
23243085
23453023
23118352
23441118
23484096
22968132
23588064
23475205
23516377
23621912
23299470
23638371
22105576
23761016
23505216
23669246
23805197
23600741
23837398
23809065
23533600
23815734
23910690
23553579
23924366
23861871
23920042
23224783
24011989
23324528
24024739
24002815
22909775
23885231
23918653
24079343
23967248
24212882
23649551
23979609
24462372
25352746
24476631
25494010
25380522
23838601
25388448
25231166
25579819
25281031
25190157
24144965
24649380
23921535
23942198
24628803
23963300
24129437
23692340
24690193
24105372
24739123
24759697
24065112
24304881
24826987
24834135
24105366
24892279
24885232
24863100
24958239
25056293
25077177
24877075
25108285
24715573
25138764
25203062
24518835
25176351
24858907
25187895
25333070
25135225
25233259
25451950
25632310
25491159
26436107
26151233
26438105
26108976
25865499
25994866
25948085
26197217
25383892
26581487
26578203
25204323
26629483
26632531
26676689
25500790
25814828
25889101
25630015
25815513
25941542
25797215
25835811
25862795
25920592
26045207
26077033
26120850
26136118
26081009
26179878
26115733
26266097
25491636
25469542
26257134
26334530
26481238
26745801
26444186
26748586
26190315
25783436
26843181
26891113
26566957
26944131
26947380
26997977
26575419
27076911
27017278
27103379
26940370
27086719
2987704
3001143
2986751
2997283
2878610
3010466
3012527
3035554
3029178
3033024
2907054
2837085
2741941
2798417
2738157
2760198
2723063
2813406
2539398
2198809
2088165
2127432
2212004
1975477
2154751
1998337
1719419
1990841
1908096
2010534
1401934
1635357
1349567
1639384
10477428
10571941
10602371
10528856
10649504
10532689
10586284
10220153
10080183
10567493
10679210
10712439
10727844
10862087
10862092
10677295
10861667
10862081
10805333
10780518
10738000
10869121
10820128
10991693
10902795
10980539
10980531
11129345
11153906
10944847
11339651
10953198
10903341
11136556
10970770
10926901
10955921
10971344
10800284
10882759
10781099
11061515
11053681
10988270
10712107
10677298
10073525
12398835
11313767
11379874
11317351
11317356
11317355
11313241
15135428
11343303
11355015
11522031
11243728
11564078
11525884
11552031
11735028
11558900
11564184
11336405
11388593
11715001
11377105
11438206
11238478
11729243
11791205
11940090
11941369
12031625
12203998
12239718
12357335
12207583
12447942
12185164
12705499
12172394
12406975
12227864
12417772
15575848
12552559
12601708
12522768
12673792
12666124
12754705
12879434
12558638
12915477
14608646
14765545
12792423
14568816
14662748
14655226
12865758
12855228
16039748
12673791
12809638
14718706
14970843
15154114
15122512
15128923
14717969
15464418
15384102
15355436
15579781
14720311
15447792
15574129
15481893
15287992
15288992
15300460
15698946
15211651
15592175
15477777
15039971
15564782
15679828
15643618
15712269
15687331
15948195
16133174
15906409
16244706
15607208
16269441
16312142
15823922
16126871
16051530
16266911
15937070
16429406
16630736
16838077
16960811
16832578
16338941
17030721
17066260
17052905
16517570
17043407
16713755
17159356
16860134
16475226
17187068
16840568
10944088
17397052
17498081
17517531
17188916
16963011
16941129
17126586
17560502
17620497
17902024
17382128
17481968
17998446
17094996
17476032
17329572
17125574
17766716
17654079
17539906
17404776
18055821
17654016
17544574
17621527
17089090
17197551
17763149
18205205
17964840
18024218
17936304
18023222
18230963
18387282
18427006
18518886
18446632
19038017
19043807
19026398
19027335
19052621
18661138
18206795
18368028
19021637
19167890
19762715
19657833
20931554
19805734
19708128
19127222
19324996
19344877
19028736
19390656
19058814
19242930
19223215
19096451
19479962
19520594
19472408
19691535
19718270
19732866
18813951
19668106
19727998
19758376
19509082
19328042
19877196
19652879
19840616
19836009
19938078
19887631
19966354
19995443
19835634
20029649
20017945
20087448
19953532
19332571
19843101
19817879
20074988
20122163
20116044
21637597
20096397
20159255
20059486
20182745
20080861
20170897
20358613
20083419
20052365
20151403
20424301
20164212
20431168
20513143
20519759
20434380
20179738
20642337
20104590
20569020
20674517
20505683
20800589
20957198
20882348
20882352
20932824
21035103
20028993
21078199
21051595
20647579
21211617
21145767
21167507
21263134
21262074
22152675
21302287
22832103
22219650
21822006
21658117
22977638
21113014
21173099
21396098
21376300
21353196
21326283
21541270
21463873
21529751
21565611
21503203
21572417
21599986
21658220
21295522
21671183
21422196
21664875
21353607
21850159
21683322
21737058
21520340
21850171
21699693
21639919
21765411
21753071
21549625
21724397
21350120
21765025
21855841
21863316
21358663
21931868
21483033
21796144
21570718
21967607
22243284
21951701
21944046
21501861
22028768
21906148
22019273
21811164
22035731
22082465
22082606
21793106
21995290
21826736
21660509
22012984
22200994
22243967
21667329
22133300
22271396
23106979
23035047
22914687
23211287
22305526
22279524
22326364
22495965
22387996
22664570
22245518
22371915
22375183
22260214
22266148
22462673
22366785
22259788
22521417
22526018
22565185
22581229
22106832
22269206
22278434
22751423
22815625
22337229
22683086
22742743
22150066
22595200
22261738
22814739
22799452
22799611
22824996
22772371
22840528
22847929
22919266
22419172
22906308
22884721
22952776
22958903
22807296
22974575
22985072
22859821
22855652
23022423
22326559
23031365
23158871
23127962
24123110
24139536
24091540
24136862
24236502
24261420
24385852
23167694
23821418
23804846
23305485
23480858
23506826
23519732
23600595
23689398
23761384
23776097
23901231
23857568
22899577
23770805
23769655
24022475
24316125
24194196
24055163
24311531
25227973
25242572
24291057
25148791
25287719
25316729
24102492
24368688
25324589
25277229
24766785
24433315
24533970
26675597
24458743
24570279
24442519
24084573
24252097
24661758
23110775
24875751
24976573
25064028
25014035
24014458
25214170
25222778
25607374
25561519
26408288
26471113
26403434
25381944
26432670
26476407
26710928
26844446
26010121
25989649
25304337
26218015
25613755
25639667
25704634
25708597
25765446
25388549
24813872
25939784
25762492
26064258
26248470
25780817
26306968
26323980
25943327
25959030
26580685
26783040
26790753
25913776
26894784
26351177
25495949
26612714
26409463
2901867
2848800
2843762
2557585
2804366
1691449
2335573
2377450
2310835
2170400
2171329
2116088
2283303
2310691
1684086
1961718
1850955
1772786
1917531
1284889
1373935
1601417
1639429
1515453
1301190
1363812
1779625
11108532
10215408
10200050
10094565
12938099
10465122
10211467
10070617
10338095
10090484
10447268
10447258
10571946
10544227
10612839
10577904
16963320
10319589
10521546
10562580
10192459
10571690
10633135
10618407
10662807
10982180
10748414
10691849
10748407
10735634
10735636
10402601
10718825
10679939
10801053
10739762
10677299
10762170
10830906
10839995
10737981
10571006
10770215
10739764
10801058
10737982
10802645
10767181
10792573
10854114
10834525
10751093
10862088
10807697
10836608
10759707
10886198
10807696
10852376
10819641
10843183
10782930
10842288
10851256
10819638
10737985
10905889
10714589
10777560
10762540
11246459
10775529
10790204
10834512
10970190
10880389
10970188
10839976
10882754
10841809
10946359
10831399
10839977
10873393
10980579
10932181
10951256
10910910
10856194
10923043
10807540
10991689
10971406
10980574
10767174
10922383
10946881
10623683
10970798
10995512
10995508
10807541
10586187
10978358
10571956
11058897
10662808
11122101
11122099
11058907
11055895
11134145
11139246
11139255
10875853
11102992
11295849
11180609
11180613
10986043
11043517
11043508
10984545
12705494
10952871
10980548
10980309
10741487
10714584
10694685
10851254
10949552
10634424
10841810
11073722
10738004
10862105
11013450
10738005
11058918
11013454
11058916
10652016
10842281
10738914
10799432
10924730
10868782
11053688
10870887
10997336
10896705
11085599
11020646
11443282
11142768
11030070
10975444
10937591
10962020
12083811
10882758
10978365
11099402
10938190
11180228
10854214
11678552
21708286
11004248
10680928
10657581
10873394
11119745
11050622
11196107
10870884
10738003
10915612
10745006
11186258
10871277
11196105
11175299
11139240
11158518
11241839
10698280
23689273
11313763
11167791
11313766
11354633
16087855
19686262
11179008
16051511
23500595
18590700
15503242
15562009
12364426
11018078
11378828
11317368
24612091
11317362
16995940
11310631
18206987
17990484
11409868
11589012
19489875
11325820
11427181
11385716
11438998
11479741
11760847
11395499
12230456
11745997
11438991
11439000
11464238
11139259
11407995
11348475
11310584
11528502
11161845
11462243
11524731
11571557
11511921
11506414
11286506
11350187
11528392
11243732
11161844
11058910
11754113
11295840
11295843
11350186
11350191
11350185
11549703
11528398
11553052
11536261
11748850
11461194
11511296
11757583
11437164
11466404
11708871
11600535
11493200
11683780
11275943
11505391
11571214
11404117
11298529
11572889
11167698
11442647
11556849
11300344
11300351
11300350
11300349
11475152
11506462
11441134
11470495
11311042
11161836
11378329
11713099
11698809
11509994
11589009
11685592
11834095
11743515
11486900
11749052
11594966
11746755
11747432
11870584
11165248
11532985
16601866
18467194
15357566
11509019
11300355
11298688
11531969
11708998
11369190
11547844
11448970
11843890
11798073
11388595
11343230
11747433
11793481
11793471
11836330
11836339
11453964
11999978
11941481
11918723
21068741
12007221
12009418
12000360
12050215
12050236
12116232
12112666
12107817
12100158
12050213
12031624
12118532
12167682
12210585
12189493
12124727
12124988
11805166
12189489
12227466
11809171
12189496
11731278
12183404
12204001
12204000
12408190
12351418
12372058
12408188
12408185
12325021
12357328
11866018
11843659
12325027
11916006
12402273
11952672
12215968
12406074
11976817
12436241
12398832
11924557
11954751
11835375
12447927
12379317
11996792
10026167
12442268
12139950
12127423
12376936
12202988
12163191
12039972
12499492
12207598
12473769
12055248
12325071
12382155
12383832
12409273
12409276
11919333
12409274
12512996
12373566
12536289
12356851
12141316
12464226
12590198
12625412
11941485
11932316
12144055
12359139
12460545
12213615
12177387
12130528
12501224
11756177
11606401
12818773
16519703
12199686
18481121
16311362
11815777
12359124
11955432
12182165
12270273
12427520
12529715
12519826
12497639
12573255
12694230
12673804
12673795
12716376
12687663
12601120
12687659
12655552
12655553
12707425
12707439
12754704
12788848
12791041
12560944
12786758
12644936
12796535
12787121
12815602
12480979
12794697
12859411
12920074
12783301
12919146
12752120
12507970
12910490
12971424
12929201
12928282
12955720
12823310
12955727
14508802
12955721
14566705
14708631
12633764
12641539
12718372
14605509
12920096
14707518
14635102
14707522
14635108
14635113
14647208
14678807
14671162
14570705
12624723
12787275
12908805
12772080
12536032
14633868
12820708
12559847
12932274
11555618
14499267
12573663
12948742
12879953
13129599
12847698
14517516
14521605
12529507
12778775
12925875
12908806
12934488
14566483
12920343
14680985
14567959
14680976
12700176
14680978
18798839
14680984
23953609
16330381
14615409
14627639
14636645
12697903
14697745
12966700
14643524
14643388
12767493
15068387
12929188
15018460
15634276
12707396
12935922
12574213
12865275
12542526
12933951
12712061
12746442
12849864
12947561
12717091
12823447
12881463
14649314
14504283
12843157
14729848
14718708
14679580
14523375
14984477
14981715
14871398
14715827
12925341
14676473
14733963
14764821
14974088
14984478
14984474
14962443
15025721
14681825
15024738
15115830
15115517
15116377
15121789
15121790
15146473
15136673
15180874
15146474
15150777
14982867
14764528
15108122
15128704
15240589
15013448
15026311
15024744
14679589
15221449
15159646
15138885
15245427
15236413
15241801
15236414
15300568
15326627
15221078
15145338
15272469
15136692
15300847
15300860
15342707
15322982
15147384
15313851
15356046
15365992
15669684
15669677
15482471
15492942
15365997
15448106
15448107
15253729
15110323
15521979
15464432
15469449
15461631
15486829
15171997
15464430
15520415
15172005
15172001
15617188
15521980
14972327
15371569
14972326
15537906
14972325
20920871
15531314
15050968
15532022
15523622
16423550
16378323
22892530
16596947
15456490
15542400
15523646
15523648
15238919
14652796
14648242
15279074
15161866
14639035
15140147
15166271
15185149
15185344
15174800
15164333
15077010
15026521
15060693
15086897
14993485
14999499
14960772
14991359
15100373
15049942
15658190
15015036
15328566
15087111
15505183
15515206
15182578
15060426
15357782
15337980
15353880
15453866
15556094
15347444
15505189
15481898
15481887
15481899
15528154
15557452
14985395
16730661
15534759
16009061
15223812
15219044
14705115
15377483
15497035
15363638
15633893
15182052
15317749
15557537
14871556
15151508
15162124
15300736
22397652
15108277
15242402
16307898
15668445
15635064
15611318
15538630
15546900
15728307
15622536
15662686
15468313
15580558
15690373
15710861
15459792
15718250
15781199
15671102
15712225
15805162
15842381
15824356
14971004
15685557
15714518
15877211
15776412
15713706
15712224
15070423
15712198
15833430
15784703
15877202
15902564
15880370
15907468
15979036
15979035
15952989
15844218
15878741
15996215
15811924
15954111
15952211
15952212
15954104
15937921
15856305
16001438
20820830
16087766
16996541
15655560
15941866
15981243
15987793
16181459
15996948
15728123
15947062
15967692
15998776
16207219
15618242
15623792
16178026
16041584
16278887
16240336
16134170
15583946
16077730
16344347
15593232
16435180
15993874
15705389
15731174
16705711
15741993
16237213
15811717
15855033
16094673
16287128
16378925
23463692
15841082
15774455
15769810
17694350
18948042
12626389
16435227
18571450
15693857
15976132
15965226
15942778
15691574
15742109
15986226
15834044
15768558
15768551
15727901
15735229
15782403
15750329
15851849
15944839
15747353
16018167
16120822
16125058
15905293
15844475
16044199
15864413
16099526
15702055
16123337
16092059
15832614
15992519
16007637
15933521
15961946
16029571
16282896
16225923
16154688
16272055
15985586
16237566
15565397
16379540
16079124
15986423
15843405
16438163
15576851
15692798
15558317
16133457
16392899
16370489
16370483
16370495
15829536
15653458
16572742
15884045
15795599
16278884
16167124
16408730
16198106
25910067
16222662
16314480
15837919
16049992
15651030
15921162
16178917
15702404
16098018
15937075
16435195
16291504
16293431
16437572
16476814
16476939
16332676
16431216
16429402
16528737
16519708
16550507
16601870
16470591
16613899
16696937
16649058
16607617
16569739
16583127
16601852
16643212
16510303
16773563
16372135
16601912
16609879
16627557
16616845
16412238
16642506
16570074
16372320
16770810
16864840
16834740
16639410
16309500
16368217
16877344
16835905
16636122
16311287
16965330
16423615
16328537
16436643
16814585
16965439
16965438
16936081
16849412
16143867
16377226
16096811
16922730
16941474
16699754
16680939
17030669
16984240
16931511
16421146
16940241
16924389
16794583
16416207
16823392
16477632
16595836
16467727
17041943
16810679
17063374
16460718
17054430
16449806
17044854
16523049
16376511
16472269
16424658
17033963
16860141
16678723
16773427
16973827
16633967
16858015
16607084
16905957
17036286
17113772
16688595
16840229
16840233
16798637
16806138
16183066
16968793
16737882
16411092
16961972
16923137
16952472
16961973
17003641
16868810
16949067
16678395
16787881
17092519
16782080
16987804
16987796
16810201
16778590
16889938
16908342
16969006
16802711
16552546
16641580
16885549
16832357
17196209
16944349
17021801
20074989
16510432
16763962
16885550
16802107
16874556
17694954
17194196
16757530
21342251
16601889
16143868
16380471
16626582
16434659
16617000
16611311
16563404
16844744
16630168
16850690
16733366
17109744
16714368
16423865
16924035
16608548
17060596
17161971
16971480
17024373
17256800
16972227
17083647
17027310
17259376
17211152
17261688
17314340
17185019
17129727
17160893
17353473
17034029
17251023
17113806
17056637
17296904
17296898
17114887
17509471
16982043
17192724
17403714
17392686
17397055
17336067
17255958
17327377
17511870
17397048
17668386
17317760
17395561
17594398
17560505
17336503
17206399
17576211
17547681
17441222
17294068
17437622
17646634
17584774
17412732
17610560
17579360
17662246
17567887
17444514
17473676
17299707
17661814
17143551
17211844
17655708
17339196
17554070
17665427
17564970
17410422
17421020
17564971
17701900
17701896
17594401
17290461
17573886
17562347
17446535
17575084
17635943
17850632
17643332
17216496
17272994
17587212
17526799
17709424
17850630
17407589
17726307
17660027
17277342
17270241
23022339
17034777
17251047
17576084
17652641
17823972
17631851
17847007
17998529
17719863
18676185
17425959
17973853
17510093
17459752
17407387
15823280
17768669
17919309
17512964
17982687
17696123
17345646
17101293
17594342
17495464
17994283
17971173
17985356
17768033
17654075
17654074
17655837
16915374
17475937
18000884
17960139
17697873
17942953
18294055
17551985
17160617
17627389
17876883
17823867
17643989
18204299
18250610
17919176
17964958
17607665
17718674
20044784
17699384
18162686
17635512
18154965
17979865
17983875
17666110
17851929
17389331
17466004
18075239
17236890
17290294
17686188
17601449
17951209
18058633
16415970
17452128
17223430
17516465
17287450
16916536
17900868
18076698
18005151
18177465
18218046
18060820
17716690
17764084
18363739
18249054
18306167
17993581
18096416
18252794
18275685
17957493
18164228
18081003
18392643
18164639
18363173
18371166
18434155
18436841
18463379
17825324
18280229
18281613
18346985
18515884
18459950
18514489
17597323
18546276
18492090
17869468
18485326
18657423
17415538
18398624
17616409
18553123
18573109
19249206
18546295
18565177
18684595
16735228
18486607
18313767
18302508
18709504
18609258
18520120
19014451
18025408
18339976
18473344
17980398
18978954
18178779
18688569
18047548
19068277
18717720
18274916
18075246
18365195
18358410
18728247
18599334
17987333
18604465
17876604
18343956
19087301
18821982
19074352
18280251
18775687
18463004
18645204
17942822
18988933
18785866
18473191
19093007
19092296
19012874
18839438
18503695
19052653
19061984
18599565
18708426
19040761
19026395
19065272
18519086
18692205
18500569
18951768
18832844
18652600
19017867
18930675
19202204
18569450
19684871
19129059
18223550
18985435
18452394
18057066
18387337
17977044
18956253
18683078
18188679
18703682
18925670
17669226
18426830
18559466
17935162
18493878
18596732
19021638
19036112
19064330
19036739
18996963
19021639
17171576
19056803
19091613
18937047
18951764
19162478
19747374
19884572
20128140
19687056
20077893
20031602
20002461
20015217
20015216
20028422
20007141
19255414
20236128
19958196
19079066
19285316
19841577
19781682
19470080
19320660
18954370
19387866
20137612
19757147
19357989
19240989
19830588
19588269
19924563
19193385
19898952
19898634
19854499
19846850
19844120
18636082
19625339
19548904
19473423
19504606
18654604
19373932
19353588
19643583
19074458
19349556
18648394
19145239
19289697
19067361
19105185
19116236
19188083
19179078
19194555
18941476
19365591
19278982
18757057
19074810
19140180
18818920
18758779
18990456
19181743
19361614
19327736
19344874
19215700
19365571
19369668
19015585
19353631
19330029
19107147
19390640
19390641
19224593
19269793
19342235
19327992
18768108
19036343
19101985
19375057
19375058
19329429
19197535
19438931
19016831
19318685
19373590
19342984
19250433
18846412
18773283
19398866
19050888
19384972
19319977
19051073
19318035
19289485
19371226
18668259
19340359
19625716
19207868
19507210
19644137
19064609
19649163
19617566
19652145
19431188
19363631
19668596
19620628
19470621
19691550
19615667
19454579
19262603
19433283
19664747
19646678
19646679
18850119
19399267
19631310
19259137
19710941
19712804
19615760
19679812
19710327
19731322
19448103
19514071
19369245
19728179
19726642
19324861
19657311
19668216
19684605
19744229
19129697
19448530
19753315
19753314
19753316
19732867
19753312
19411774
19648736
19764077
19784393
19679478
19793312
19773404
19755480
19621417
19585583
19657831
19628817
19765683
19741215
19447100
19830125
19689926
19073363
18822103
19744334
19651702
19493611
19807739
19690084
19760748
19767588
18762975
19006653
19335222
19845854
19531756
19841298
19936226
19864672
19883511
19786432
19841300
19486043
19486042
19911184
19167850
19918918
19719828
19672978
19890111
19956411
19699491
19892526
19834502
19796188
19941053
19921643
19165618
19956413
19862841
19956691
19949657
19997581
19684000
19996082
19944402
19815438
20003495
19429541
19322595
19185551
19488752
20020398
20011602
20002129
20022641
20039262
19697114
20031247
20019893
20049716
19277732
19688022
19461158
20057903
19953533
19329487
19842212
19623212
19966803
20023659
20049731
20036350
20021999
20148114
20074521
20065084
20027113
19941952
19744920
20065226
20082719
20069065
19858779
19863506
20101161
20037587
19821948
19937058
20126463
20142850
20089953
20123784
20089971
20129749
20124734
20056206
20136848
20151283
20151160
22190898
22190896
20077426
20137775
20048285
20137772
20556518
20484222
20920338
20159111
19876656
20215533
20739387
21061399
20079931
20186794
20159109
20137778
20137779
20161820
19915519
19365639
20160442
19019929
20095988
20093388
19683999
20447141
20028792
20022885
20179001
20113286
20179009
20177710
20007936
20052760
20212206
20197673
20201936
20170900
20061330
20149661
20080402
20209083
19944109
20176959
20309401
20056467
20300938
20298553
20139426
19837725
19888299
19933183
20358604
20220177
20368637
20234091
20368792
20015872
20236848
20052367
20052364
20398363
20401705
19453576
20156697
20405025
20346669
20029458
20230788
19797195
19945438
20300124
20157829
20425798
20018285
20172860
20234132
20203002
20151200
20052366
20059533
20132242
20215591
20434914
20087400
20163410
20179087
20430833
20462777
20095979
20597900
20174753
20558929
20546268
20498269
19345525
20483489
20493181
20414253
20512146
20562457
20157724
20585803
20213376
20417464
20444910
20220065
20081061
20472482
20488739
19876661
20618940
20648243
20237254
20635367
20138856
19542079
20883258
20602799
20659818
20686794
20620061
20700488
20695019
20673864
20696082
20725840
20497174
20683995
22280810
24685009
20480175
20491539
20676099
20224900
20705278
20514322
20828673
20841309
21031021
20827784
20799318
20819849
20883264
20403973
20920669
20920667
20869035
20920666
20924064
20887963
20497192
20923556
20924684
20652410
20937110
20854834
20861612
20350966
20929961
20829227
20719861
20683201
20814950
20376098
21042587
21049026
20629838
20399390
20966039
20884842
20865765
20554613
20652413
20933183
20948967
20049532
20848555
20924129
21035105
21070897
20970105
20950787
21060763
20591486
21035104
20560959
20497525
20846889
20040070
21057504
20858596
21091672
21094210
21109774
21112098
20942588
21046548
21034470
21131235
20823128
21051878
20981223
21031082
20942659
20547145
21143469
20681997
21179243
21143860
21084044
21109225
20886638
21145000
21165303
21176924
21179430
21189980
21110228
21103935
21088898
21220926
20460946
21170305
21170474
21165770
20881434
21196691
21149811
21118518
20842377
20832341
20816094
21077764
20109895
21472225
20736127
20736750
20814951
22140374
21140503
20039061
20197793
20949524
20238027
20881942
20854437
20961758
21194678
20811047
21205863
21214702
21210267
21186264
21109997
21245961
21162090
20810031
21209083
21219577
21127010
21131200
20980454
21239873
21150919
21150918
21293734
21249393
20663501
21266030
21300330
21310276
21295282
21311022
21278736
21364962
21365021
21287563
21955034
22152678
22152306
22174841
22160468
22194935
22142326
21866090
22007850
22168747
22178870
22180160
22106044
22106715
22194875
22216297
21559330
21665375
22194755
22190180
22186697
22185990
22219643
22219648
22189598
22197273
22207399
22110067
22200562
22208203
21965549
21943931
21778272
22242004
22570642
19496984
21816046
21797707
21797710
21721016
21796147
22011816
21713996
21597265
22243242
21987686
22316667
21715252
22004663
21683594
21986928
22065782
21839020
21326233
21802064
21956039
22227072
21865347
21763169
21917775
21890392
21540348
21716135
22472932
21621718
21716286
21612988
22190900
21507300
24062880
21994374
21702021
22126402
21119709
21150889
20949628
21031598
21324166
21303855
20941593
20971220
21349926
20705777
21212097
21233401
21285510
21196708
21309765
21109689
21388311
21423869
21356067
21267007
21248739
21177847
21394101
21383172
21417572
21422519
21435071
21109441
21450060
21431619
21454027
21350122
21402906
20138404
21447811
21378176
21455487
21470495
21457908
21189378
21445332
20803142
21484995
21484994
21465660
21484990
21417566
21490445
21301788
21237269
21145992
21536732
21487076
20573158
21275939
21273267
21211845
21552496
21552498
21617748
21617751
21549344
21549336
21549343
21549340
21561349
21410451
21499717
21508331
21267006
21267002
21502686
21505799
21416271
21520173
21236492
21442341
21521498
21258095
21227727
21214877
21734815
21576112
21454522
21411353
21393040
21056492
21545677
21532572
21532570
21647270
21647269
21625620
21541725
21550081
21972112
21199866
21628467
21629670
21448331
21629566
21575252
21645389
21665003
21603025
21607760
21655355
21686328
21424115
21514860
21480433
21544516
21479595
21647419
21658164
21645175
21669895
21667091
22707629
21683950
21687968
21671375
21699676
21860630
20947785
21701876
21632843
21704276
21699856
24301756
21310491
21521281
21860632
21726435
21666694
21551456
21723461
21552135
21723463
21703448
21738351
21745802
21747609
21188552
21115745
21703590
21763481
21343334
21407260
21700882
21659649
21572128
21519011
21413889
21774844
21765987
21739575
21486865
21752152
21727188
21755431
21791690
21791056
21676617
21850180
21835055
21756023
21617188
21536946
21794876
21822432
21572052
21802063
21753178
21410841
21835304
21835305
21835308
21835061
21832955
21831415
21457405
21559050
21785126
21849033
21668429
21715346
21357716
21368133
21907012
21907147
21873662
21802329
21880997
21857683
21976953
21910234
21560189
21560188
21867529
21654732
21879237
21887843
21173220
21668430
21951382
21903317
21911422
21911940
21976963
22025896
21935284
21972175
21918424
21911476
21962599
21961505
21951015
21944047
21328543
21465151
20217092
21990131
21814222
21989597
21520273
21554865
21983783
21896830
21999818
21986555
22004070
22004506
22008666
22009864
22008442
22041377
22016685
22013910
21868336
21732012
22036171
22019272
22077971
22080625
22153556
22072859
21484434
21796727
22053260
22067973
22064211
22099579
22089611
21941004
21931130
21998728
22108153
22111336
21901789
22107750
22094483
22128238
21930407
22025579
22133539
22105173
21802952
21747615
21701785
21872273
21828119
21933857
22095694
22196490
22116617
22238590
21979946
21712856
22259224
21900877
22243966
22209247
22233338
22231303
22217259
22234868
22269211
21922592
22264391
22009580
22246954
22030835
22291974
22068586
22095531
22249485
22277662
22245991
21907580
22189570
21348867
21517827
22264577
22270996
22264700
22574102
23099195
23014764
17237499
22052625
23143442
22555271
23043934
22288654
21842183
22210313
22864661
22798282
22549409
22805248
22378672
22562119
23141775
23127958
22704015
23151865
22981443
22766611
22300680
22231866
22306677
21672106
23063737
22305237
22617342
23247051
22964873
23293579
22311046
22855730
23273637
23064986
23278291
23279342
23271757
23275100
22286346
22672365
22355252
22321824
22494447
22975204
22960877
22293141
22935980
22942235
22648249
23997563
21934712
22944031
22613277
22437503
23287327
22367672
22542183
22882336
22986007
22250184
22683710
22336472
22336081
22747997
22363784
22341229
22282472
22351697
22354567
22156576
22286214
22237589
22367733
22182799
22375149
22285650
22238406
22412862
22367913
22387015
22387013
22385360
22287014
22351933
22186027
22391140
22326532
22146522
21592259
22125116
22396703
22353391
21957013
22417308
22452838
22424479
22509104
22364848
22171071
22180433
22253195
22066718
22464252
22464251
21316884
22465082
22437822
22448230
22477015
22471768
22472776
22326530
22334658
22473397
22438180
22495880
22517943
22258527
22507161
22011241
23430927
21517828
22560091
22450360
22387303
22465514
22563226
22558227
22605927
22580583
22569581
22581971
22587682
22070736
21940685
22782511
22563919
22281876
22466645
22333897
22620673
22419737
22388936
22453924
22662265
22610276
22607986
22822386
22495306
22139635
22579964
22679506
22622771
22693602
22675453
23106673
22334403
22632133
22691581
22212417
22677543
22681893
22647861
22672868
22724017
22247978
22495311
22679611
22461411
22343390
22634751
22709368
22713736
22415848
22689986
22574178
22247458
22550138
22466703
22723858
22322133
22764886
22675077
22675082
22628558
22784462
22784463
22683087
22325938
21668437
21696385
22335482
22796198
22796693
22796691
22876113
22805550
22531706
22393170
22740433
22134099
22412181
22703879
22468686
22876119
22876129
22876130
22622361
22820434
22492563
22831780
22592360
22815559
22879734
22763404
22658692
23981774
22863181
22841008
22850825
22279087
22855677
22883147
22853774
22840364
22863194
22870031
22873696
22878930
15243987
22475797
22899989
22517884
22864630
22099885
22289209
22883287
22892490
22892508
22325249
22859937
22257840
22750678
22916221
22933836
22801503
22584503
22926851
22928142
22934199
22890139
22842230
22648966
22940634
22851595
22938506
22938382
22850876
22914163
22639698
22952570
22910583
22939636
22901946
22965595
22964912
22740598
22909800
22595938
22796001
22885700
22968487
23430932
23430949
22959700
22959359
22490987
22994313
22887808
22970944
22995659
22432108
23018980
22773736
22763723
22855649
22855651
22855653
23023219
22014174
22854212
22511880
22957706
22798622
22990955
22996269
22766261
23000067
22902344
23034980
23044053
23046672
23053473
22801880
22549407
23053474
22713448
22958975
23031807
22614770
22875837
23078140
22669416
22533542
22924538
23246278
23076989
23130880
23009889
23219996
23290025
22858719
22949379
23215953
22939275
22964989
23266803
22781098
23895935
23773993
24120652
24116927
24120361
24082139
23595123
23838279
24001525
24121961
24013081
23871123
24130151
24031089
23306409
23946118
24150548
24139043
24097065
22968130
24107868
24150202
24139731
24145968
24140098
24190153
24178705
24174808
24182348
24144945
23920000
23954310
24080777
23443024
23955123
24126608
24029832
24144914
24035292
23291414
23869449
24108130
24080357
23886664
23855929
24105752
24083357
24158611
24230999
24233262
23640770
24091937
23891352
24172246
24270469
24343878
24279917
24321534
24027009
24353136
24373060
23607698
24512911
23995701
23176774
23551631
23859762
23509889
23791518
23701501
23829870
23681356
23247599
23585524
24022636
24099834
24577975
24120321
23612672
23306324
23453664
23297803
22909003
23465862
23453855
23274687
23250629
23442195
23437912
23487299
23505238
23232577
23523376
23535506
23242530
23506830
23559313
23266647
23590577
23598833
23604511
23603338
23608164
23611581
23279303
23454488
23615275
23624518
23625373
23625533
23630135
23437777
23651979
23685548
23675960
23566439
22887477
23624125
23587913
23612258
23278109
23729548
23616197
21990134
23746544
23644449
23438214
23700088
23746940
23751281
23758865
23768618
23774949
23599270
23652837
23789284
23800155
23738510
23651408
23625609
23751316
23520115
22878431
23821427
23515051
23828401
23685283
23764561
23591994
23800702
23756194
23837176
23846910
23910461
23913389
23689641
23548013
22532556
23914949
23653251
23904686
23911907
23946868
23707710
23661660
23590195
23981349
23981578
23973696
23187786
23950570
23949494
23989902
23991373
23900199
23856132
23773965
23972372
23972370
23932106
23910462
23711294
24011988
23993193
24022022
24036223
23996478
24016645
22948023
23492913
23885230
23836383
23956117
24094747
24075184
24072147
24045174
24045215
24047924
24090759
24097415
24030950
23884466
23806067
24026681
24211323
24140492
24269976
24243590
24419105
24268530
24158270
24200101
24449199
24338230
24199935
25078086
24966162
25284350
25296636
24355556
25299208
24384324
24243352
25289895
25201519
25358692
25359263
24902757
25439097
25043634
25270050
24368146
25117010
24945427
24988064
25381946
22492385
25155778
24961627
23821321
24142275
24048965
25422667
25425313
25447658
25443580
25182519
25457085
25347256
24476933
24469716
25755845
25556825
25558755
25619355
24210900
24170412
25085279
25818962
22992393
24290847
25501161
24425859
25102484
26183747
25251739
25282463
25190167
25190159
24529145
23942204
24691507
24295813
24367894
24591733
24440647
24530477
24468609
24468099
24464666
24494774
24474090
24453067
24504062
24513544
24461908
24274186
24471793
24522658
23963299
24022302
23942199
24474670
24535484
24534407
24417819
24471768
24487376
24645945
24503206
24380807
24702956
23790112
24643943
24481607
23653224
24613481
24334767
24415674
24045840
24489377
24657061
24565827
24721342
24698822
24365053
24224479
24627108
24718101
24500857
24705274
24768312
24685124
24105373
24742800
24105371
24686051
24372086
24813853
24836451
24522293
24760114
24731844
23837941
23701245
24793350
24827497
24788897
24795062
24801231
24889030
24714196
24801925
24838951
24737404
24844686
24853097
24929125
24944815
24973495
24753205
24504161
24912412
24559724
24849933
24796702
25087612
25008049
25016225
25026126
24603436
25088787
25097778
25096610
24988918
25110155
24965255
25007886
24825090
25037205
25117105
25124979
17157502
24517292
24448548
24337245
25179242
25153916
24958582
25182743
25004247
23711246
25230711
25044645
25227401
25216552
25227173
24718841
25227500
25264167
25595958
25158988
25401298
25967232
26108645
26411740
16404748
25786455
26385844
26401554
26402116
25829125
26410678
26111865
26393467
26207643
25854144
26424307
25564536
26224725
26278069
26444782
26443629
26275891
26497911
26344561
26511028
26224785
26032558
26545620
26343872
26547715
26542466
26318253
25531941
26563427
26338816
26358756
25415177
26515615
26385851
26574542
26453840
25343993
25592817
26162674
26416264
26560236
26583491
24547929
26613958
26338224
26634545
26583493
26655004
26656798
26700162
26887550
26048691
26485571
25787093
25781672
25600812
26108647
26253708
24048164
26492932
26563328
26572913
25843602
25950805
26615597
26457731
25497208
25571904
25835592
26208381
25739858
25652019
25544507
25565657
25613935
25612604
25642806
25639640
25636100
25308557
25541840
25690727
25626711
25626993
25624737
25703702
25681615
25708704
25681079
25846890
25846883
25706677
25758335
25605705
25618263
25740301
25731711
25743179
25728520
25760844
25754277
25748406
25748408
25354562
25792669
25795614
24814349
25861866
25800346
25808943
25227147
25182139
25819952
25381949
24989646
25827849
25982971
25843429
25843247
25877244
25895478
25818867
24853665
25780857
25824987
25919557
25922261
25932215
25915598
25998610
25972204
24941924
25940036
25913727
25913573
25955082
26003046
26004231
26018748
26032578
26053703
26044173
26046476
26073243
26077908
26084028
25982861
25785835
26114819
25470321
26076747
26253413
26174677
25936994
26232051
26115735
26079780
25981738
26185101
25149322
26223708
26227820
26239723
26316201
26271388
25681080
26024245
26259030
26286922
26310554
26092864
26344792
26345093
26102279
26361156
26371980
26407811
26545876
26408048
26415523
26529633
26686776
26693850
26593283
26753551
26805434
26778469
26781211
27545675
27275418
27545674
27523597
27523598
27523599
27246109
27325253
27401137
26483233
27460348
27312557
27312559
27500492
27412140
27147233
27376152
27375219
27365461
27396511
27397597
26864810
27493120
27496104
27510877
27524508
27633571
27529443
27531131
27573156
27544631
27225851
27582097
27647924
27595491
27593536
26799139
26752647
27600546
27616483
27612988
27693233
27681629
27601654
27666374
27629963
27616479
27651498
27377014
26215181
27706781
27666509
27672545
27747465
27666774
27751223
26915364
27306203
27748205
26593126
27710856
27781029
27781028
27162595
27745835
27620832
27651169
27690257
27834362
27418648
27777981
27436290
26826406
27767988
27683759
27839871
27796712
27789398
27844444
27008195
27117294
27207470
26821934
26845730
26860117
26897145
26890752
26886089
26810512
26915362
26635043
26014431
26968074
26936515
26803807
26944168
26799313
26973026
26951757
26997013
27016452
27021565
27021291
27019444
27086606
26908613
26791927
27033733
26886200
27107456
27121845
27098243
27113771
27120332
27128372
26830551
26960553
26808564
27164712
26620441
26789422
27147172
27164344
27161211
27165780
26830932
26795916
20023066
26497565
27259055
27236920
27236923
27210743
27259050
27181681
27211852
27164683
27190017
27239116
27253448
27092432
27292318
27289259
27258436
26626312
27247418
27343026
27233227
27261095
27256512
27392077
27261973
27374773
27406698
27292112
27392076
27346687
27391550
27265460
27265430
26669660
26915717
27291889
27486783
27453578
27476654
27486781
27476651
27426735
27426733
27432961
27423329
27159400
27485015
27487388
27157848
27230853
27538624
27264673
27409480
27157150
27385602
27287710
26542770
26831127
27250824
27284104
27826022
27160483
27308838
27827379
27348394
27742850
27389779
27829683
27663637
88735
3007108
3016737
3097553
3012775
3006832
3014870
2876430
2822177
3025214
2884570
2434529
2825199
2835904
2833855
2458145
2961848
2970528
2901412
2840952
2891727
2783588
2703538
2913053
2556453
2813350
2510835
2498882
2506948
2495245
2912069
2522679
2789372
2760205
2569482
2726768
2492100
2793865
2741942
2474822
2574002
2606484
2564729
2773936
2794061
2792087
2786201
2599880
2794057
2757008
2775360
2599886
2393404
2166947
2203259
2336380
1977137
2263616
2358466
2296585
2344617
1695717
2210768
2233965
1975693
2243125
1979502
2106480
2104741
2393028
2152885
2171331
2308962
2272840
2306523
2298457
2393018
2307460
2272843
2137287
2144098
2140574
2243128
2318961
2349938
2110364
1969408
2121025
1970180
1977311
2276738
2347583
2309142
1967187
2254451
2185272
2320574
2212001
1975598
2153155
1971148
1979335
2363414
2079437
2384314
1715688
1680289
1904874
1879825
2039493
1901417
1939657
2022742
1999491
2010552
1678251
1673291
1684088
1718978
2045102
1903761
1723056
1998343
1672282
1763037
1710153
1714904
2019602
2071150
1882842
1939653
1851341
1908817
1840568
1671991
2263506
1652892
1898413
2011574
1897530
1999489
1846223
1909089
1907800
1928092
2052556
1686262
1675132
1814855
1814859
1726094
1787097
1917530
1954392
1958498
1720305
1961762
2799589
1752947
2010533
1674945
2038366
1670635
1671317
1721894
2063869
1679030
2071149
2574153
2014802
2035532
1682234
1671881
1672294
2014036
1986355
2019586
2060627
2023926
1718266
1901689
1900309
2010538
2011604
1911375
2268685
1814856
2005117
1917536
2066105
1917537
1363805
1346617
1284479
1349575
1301173
1409720
1550123
1301198
1376017
1284534
1284542
1284529
1284471
1284466
1545465
1371265
1284535
1284530
1284468
1363780
1376965
1352287
1598909
1528846
1415254
1594605
1740503
1515452
1307253
1301932
1356412
1594597
1301960
1301194
1401056
1574115
1610789
1373122
1427861
1315715
1634607
1730088
1301952
1610915
1428942
1385361
1487420
1301199
1634367
2141777
1322637
1415222
1384323
1301189
1301958
1284597
1301196
1301941
1301940
1734722
1446662
1512512
1598907
1907278
1730727
1400331
1639392
1346616
1612597
1427882
1353535
1301947
1301187
1639423
1363838
1312992
1358789
1301200
1293379
1371116
1546315
1391960
1301192
1463768
1517102
1634360
16678503
1581318
1521525
1517103
1540659
1451399
1420507
16187186
1353340
1346077
2472424
1969838
2306516
1680287
2929599
2494175
15463882
19416256
1974422
1985702
10319579
12719375
15009215
10206678
10694918
10694926
10215411
10573007
10464649
11600564
23021490
10206677
10089284
11261429
12007220
10873293
11851376
10369742
10477432
10381328
10036316
10398237
10447267
10383749
10233777
10232408
10469344
10408773
10089913
10448086
10466420
10469321
10323252
10027710
10338101
10408784
10554831
10447271
10377006
10234611
10477434
10220154
10220155
10208848
10090526
10507723
10398311
10339581
10220152
10466419
10090880
10094549
10425080
10233776
10094567
10070622
10070627
10408782
10101253
10220141
10382911
10334322
10360777
10356312
10508524
10508521
10482956
10469327
10486319
10528862
10196694
10528858
10234514
10425211
10563487
10495930
10529389
10521291
10444339
10406988
10210316
10521295
10583255
10636733
10356315
10587520
10588719
10606881
10570905
10502831
10571954
10577906
10612834
10577907
10602363
10612840
10649505
10533072
10607472
10581255
10541294
10376574
10484808
10232407
10525055
10487826
17272608
10417800
10567047
10083738
10484807
10477439
10234007
10486318
10611379
10611909
10450796
10539886
10527663
10070620
10200983
19699296
10965212
10702408
12107438
12417523
17329263
19878914
19760651
19327734
19324899
19351622
19329713
19052029
19801981
20004760
20157369
19844254
20198483
20188345
19888301
19949810
20683987
20860806
21152026
21694734
21920939
21905506
22511893
22511895
22822384
23074677
21119712
21248746
21383316
21326285
21114651
20848638
21825139
21542058
21911696
21653197
22044463
22074552
21426368
22125493
22547139
22095564
23035971
22156202
22948472
22354285
21877133
22085900
22415350
22448145
22258531
22491860
21623770
22306015
22234151
22561515
22008262
22678995
22258524
22333898
22840365
22720273
22883432
22909152
22912587
22759210
24056715
24153177
23878091
23495136
27293569
23593459
25284458
25478008
25351291
24472397
24067434
24710560
24760071
24816892
24136616
24898207
24986639
24939957
24932728
24424125
25637059
25710380
25674159
25837155
26279679
26317783
26641461
26962691
27245663
27354858
27370225
27450488
2901224
2831715
2294743
10762557
10845574
10905899
10930446
10880297
11279058
14627679
15138164
15200491
18454448
19624807
19642973
19706467
19720790
20015959
19707792
20232451
20846927
21712853
21368915
21372149
21681934
21804188
21931512
21890680
22006698
21769484
22617346
23300646
22694282
22475481
22720067
22442009
22611063
22805531
24000165
23956205
23331759
23396133
23557002
23648064
23980137
23880784
24096866
25489230
24603971
24065110
24459211
24363063
25569436
26509008
25762628
26247048
25749076
25774637
26329556
27588041
27745839
27272187
27274860
287080
2845408
2895982
2295698
1971109
2220804
12651869
15212690
17786197
19050890
19618195
19309526
19640284
19920351
19608687
20799337
20210997
20181291
20068592
20181839
20882353
21211618
21474760
21681857
21996275
21863054
21847140
22411793
22543974
22786669
22863190
22878448
22473090
23460919
23555973
23421845
24306027
25036032
26630678
26223869
25762362
27404893
27655721
27110943
27139165
27363585
2741940
2352926
10739763
10751095
10815781
10722962
10766903
10991691
11039581
11281275
11139253
10958759
11343339
10701101
10903124
10766988
10947211
11241855
11214902
11559911
11668613
11566256
11668643
11810273
11472756
11810648
12016260
12436246
11856654
12175783
12354438
12410383
12413376
12522687
12466340
11807006
12552563
12754707
12794688
12872253
12560872
12634951
12920581
14663054
12551913
14659407
14757860
14675033
14764819
15054841
15108287
15669683
15171999
11272144
14741198
15459971
15465555
15311214
15243806
15472232
15466003
15108204
15599766
15643608
15816848
15851735
15877210
15759101
16007612
16087917
16197375
15633164
16125993
15574297
12809643
16219544
16319819
16086185
15982315
16606933
16376131
16516412
16412675
16376512
16583241
17173698
17059986
16874838
17132287
16759889
16897190
16123991
16917849
17363247
17239335
17258832
17595012
17565724
16123440
17347447
17398169
17868393
17335829
17966092
17847012
18055789
17994377
17715288
17666782
17196294
17922851
18023225
17940114
17959406
18059005
18396043
18400033
18273899
18450729
18355452
18329934
18511318
18559672
18684626
19033659
19036155
18809983
18332068
19026876
18560446
19057675
18620775
19118915
19056268
19918771
24478108
20021716
19852779
18669544
19273793
19230662
19208450
19002213
19334085
19411563
19404735
19336737
19084976
19235233
19433441
19398212
19205975
19523753
19416260
19001018
19299230
19609281
19437366
19725132
19718781
19785027
19391077
19678855
19901218
19715471
19486058
19912655
19389488
19967552
19608679
19917002
19812236
20034096
20046049
20146806
20551465
20110243
20184732
20215382
20237408
20334484
20352457
20120036
19858129
20395516
20363167
20203473
20007843
20477750
20130272
20565770
20052763
20457534
20635399
20455026
20556797
20837308
20499351
21031134
20869034
20618352
20431954
20703241
20876309
20038800
20875776
20890085
20107901
20809529
21031079
21051746
21109224
21165302
20532556
21073839
20652818
21059199
22140376
21182502
21194680
20717164
21235791
21272410
22152679
22219627
20967502
20717847
21844455
21909392
21685203
21326217
22435031
21679131
21871829
22065502
21206088
21344632
21373256
21423867
21282350
21416585
21402907
21487335
20662851
21633710
21611149
21274015
21394826
21691971
21708027
21708040
21722858
21394827
21407258
21725307
21766090
21850182
21835307
21820097
21574979
20861475
21931168
21936905
21907889
21926461
21905505
21542064
21368912
21895644
21514289
21831683
21857385
22125647
21390052
22674700
21911650
22235272
22262942
22009552
22661472
22776136
22929960
22564402
22777538
22759693
22354170
22275377
22429680
22241545
22464254
22189268
22515571
23430928
22563501
21826058
22514628
22142163
22258523
22665976
22618301
22736936
22577224
22488673
22687851
22666503
21801164
22710133
22619378
22698810
22847164
22818856
22876555
22876564
22958904
22857006
22647257
22950077
23014386
22699515
23062590
23246836
22781092
22549410
24011703
24011652
24134756
24169224
24100245
24135434
24214725
24330285
23143971
24314425
23545674
23220018
23273570
23599695
22998390
23666804
22550014
23211698
23649758
23732293
23835273
23838540
23900835
23924526
23878291
24048906
23809411
23859637
24311251
25168863
25256449
24123825
25257057
25346305
25312915
25327413
25193336
25183659
25550961
25098213
24776766
24431331
24002164
24052272
24771178
25030574
23895425
25011434
24424126
24975934
24989684
24715423
25086856
25024321
25047749
25215194
25243733
25724631
25754682
25569440
26554353
26621368
26581810
26574802
26076072
25876185
26100058
25781545
25636364
25708563
25729976
25748404
25423669
25875700
25978498
26173633
25968592
26340091
25519000
26364624
26449400
26656312
26372288
27062385
27546458
27616544
27697305
26836830
26901141
26985686
27037922
27105486
27194970
27170062
27180337
26595603
27262448
26866448
27258413
27368913
27480391
26510000
27282802
27184211
27468155
3021139
2424301
3008810
2439149
2838411
2837213
2767050
2915972
2917118
2522450
2107739
2236003
2246255
2212005
2220823
2283297
2393712
2139660
2140573
2243121
1670590
1873221
1753437
1992472
2035531
1998345
1671810
1769645
2066109
1879549
1627655
1284541
1284540
1520880
1496995
1315304
1577489
1483696
1531140
1530621
1487247
1349576
1579901
1563085
10200059
10200052
10094556
10399108
10441197
10874637
10482955
10487495
10525050
10571950
10606882
10452961
10612849
10982182
11168025
11257256
11745010
11791869
11891694
12673800
14615938
15262743
15270412
11134403
15910857
15797184
16483711
16634910
17654072
16770800
17444890
1911391
18402299
17880576
18386005
18458655
17891543
18580052
18544102
20128425
19517266
20051115
20085714
19996028
20186813
20609239
20452591
21189955
21250878
21321671
21901792
22077972
22272860
22675060
21638016
21543988
21636617
21412952
21878110
21457052
22025891
21914561
22095910
23155708
23085274
22271888
22938201
21958693
22450362
22901947
21955071
24224790
23479201
23640408
23651435
24432801
25125379
25465132
25499375
24114805
25266272
25476778
25250916
25753915
26174680
27511503
27551041
27531472
26681102
1980717
1845844
1659862
1301174
1301942
10533073
10408774
10426386
